Greek Word,english_translation,parsing_abbreviation,strongs_number,chapter_ref,Row Ordinal,reading_order_position
Ἀρχὴ,The beginning,N-NFS,G746,Mark 1,1,8
τοῦ,of the,Art-GNS,G3588,Mark 1,2,8
εὐαγγελίου,gospel,N-GNS,G2098,Mark 1,3,8
Ἰησοῦ,of Jesus,N-GMS,G2424,Mark 1,4,8
Χριστοῦ,Christ,N-GMS,G5547,Mark 1,5,8
Υἱοῦ,Son,N-GMS,G5207,Mark 1,6,8
Θεοῦ,of God,N-GMS,G2316,Mark 1,7,8
Καθὼς,As,Adv,G2531,Mark 1,8,8
γέγραπται,it has been written,V-RIM/P-3S,G1125,Mark 1,9,8
ἐν,in,Prep,G1722,Mark 1,10,8
τῷ,-,Art-DMS,G3588,Mark 1,11,8
Ἠσαΐᾳ,Isaiah,N-DMS,G2268,Mark 1,12,8
προφήτῃ,prophet,N-DMS,G4396,Mark 1,13,8
Ἰδοὺ,Behold,V-AMA-2S,G2400,Mark 1,14,8
ἀποστέλλω,I send,V-PIA-1S,G649,Mark 1,15,8
τὸν,the,Art-AMS,G3588,Mark 1,16,8
ἄγγελόν,messenger,N-AMS,G32,Mark 1,17,8
μου,of Me,PPro-G1S,G1473,Mark 1,18,8
πρὸ,before,Prep,G4253,Mark 1,19,8
προσώπου,face,N-GNS,G4383,Mark 1,20,8
σου,of You,PPro-G2S,G4771,Mark 1,21,8
ὃς,who,RelPro-NMS,G3739,Mark 1,22,8
κατασκευάσει,will prepare,V-FIA-3S,G2680,Mark 1,23,8
τὴν,the,Art-AFS,G3588,Mark 1,24,8
ὁδόν,way,N-AFS,G3598,Mark 1,25,8
Φωνὴ,The voice,N-NFS,G5456,Mark 1,26,8
βοῶντος,of one crying,V-PPA-GMS,G994,Mark 1,27,8
τῇ,the,Art-DFS,G3588,Mark 1,28,8
ἐρήμῳ,wilderness,Adj-DFS,G2048,Mark 1,29,8
Ἑτοιμάσατε,Prepare,V-AMA-2P,G2090,Mark 1,30,8
ὁδὸν,way,N-AFS,G3598,Mark 1,31,8
Κυρίου,of the Lord,N-GMS,G2962,Mark 1,32,8
εὐθείας,straight,Adj-AFP,G2117,Mark 1,33,8
ποιεῖτε,make,V-PMA-2P,G4160,Mark 1,34,8
τὰς,the,Art-AFP,G3588,Mark 1,35,8
τρίβους,paths,N-AFP,G5147,Mark 1,36,8
αὐτοῦ,of Him,PPro-GM3S,G846,Mark 1,37,8
Ἐγένετο,Came,V-AIM-3S,G1096,Mark 1,38,8
Ἰωάννης,John,N-NMS,G2491,Mark 1,39,8
ὁ,-,Art-NMS,G3588,Mark 1,40,8
βαπτίζων,baptizing,V-PPA-NMS,G907,Mark 1,41,8
καὶ,and,Conj,G2532,Mark 1,42,8
κηρύσσων,proclaiming,V-PPA-NMS,G2784,Mark 1,43,8
βάπτισμα,a baptism,N-ANS,G908,Mark 1,44,8
μετανοίας,of repentance,N-GFS,G3341,Mark 1,45,8
εἰς,for,Prep,G1519,Mark 1,46,8
ἄφεσιν,forgiveness,N-AFS,G859,Mark 1,47,8
ἁμαρτιῶν,of sins,N-GFP,G266,Mark 1,48,8
καὶ,And,Conj,G2532,Mark 1,49,8
ἐξεπορεύετο,were going out,V-IIM/P-3S,G1607,Mark 1,50,8
πρὸς,to,Prep,G4314,Mark 1,51,8
αὐτὸν,him,PPro-AM3S,G846,Mark 1,52,8
πᾶσα,all,Adj-NFS,G3956,Mark 1,53,8
ἡ,the,Art-NFS,G3588,Mark 1,54,8
Ἰουδαία,of Judea,N-NFS,G2449,Mark 1,55,8
χώρα,region,N-NFS,G5561,Mark 1,56,8
οἱ,-,Art-NMP,G3588,Mark 1,57,8
Ἱεροσολυμῖται,of Jerusalem,N-NMP,G2415,Mark 1,58,8
πάντες,all,Adj-NMP,G3956,Mark 1,59,8
ἐβαπτίζοντο,were being baptized,V-IIM/P-3P,G907,Mark 1,60,8
ὑπ,by,Prep,G5259,Mark 1,61,8
Ἰορδάνῃ,Jordan,N-DMS,G2446,Mark 1,62,8
ποταμῷ,river,N-DMS,G4215,Mark 1,63,8
ἐξομολογούμενοι,confessing,V-PPM-NMP,G1843,Mark 1,64,8
ἁμαρτίας,sins,N-AFP,G266,Mark 1,65,8
αὐτῶν,of them,PPro-GM3P,G846,Mark 1,66,8
Καὶ,And,Conj,G2532,Mark 1,67,8
ἦν,was,V-IIA-3S,G1510,Mark 1,68,8
ἐνδεδυμένος,clothed in,V-RPM-NMS,G1746,Mark 1,69,8
τρίχας,hair,N-AFP,G2359,Mark 1,70,8
καμήλου,of a camel,N-GFS,G2574,Mark 1,71,8
ζώνην,a belt,N-AFS,G2223,Mark 1,72,8
δερματίνην,of leather,Adj-AFS,G1193,Mark 1,73,8
περὶ,around,Prep,G4012,Mark 1,74,8
ὀσφὺν,waist,N-AFS,G3751,Mark 1,75,8
ἔσθων,he is eating,V-PPA-NMS,G2068,Mark 1,76,8
ἀκρίδας,locusts,N-AFP,G200,Mark 1,77,8
μέλι,honey,N-ANS,G3192,Mark 1,78,8
ἄγριον,wild,Adj-ANS,G66,Mark 1,79,8
ἐκήρυσσεν,he was preaching,V-IIA-3S,G2784,Mark 1,80,8
λέγων,saying,V-PPA-NMS,G3004,Mark 1,81,8
Ἔρχεται,He comes,V-PIM/P-3S,G2064,Mark 1,82,8
ἰσχυρότερός,is mightier,Adj-NMS-C,G2478,Mark 1,83,8
ὀπίσω,after,Prep,G3694,Mark 1,84,8
οὗ,of whom,RelPro-GMS,G3739,Mark 1,85,8
οὐκ,not,Adv,G3756,Mark 1,86,8
εἰμὶ,I am,V-PIA-1S,G1510,Mark 1,87,8
ἱκανὸς,sufficient,Adj-NMS,G2425,Mark 1,88,8
κύψας,having stooped down,V-APA-NMS,G2955,Mark 1,89,8
λῦσαι,to untie,V-ANA,G3089,Mark 1,90,8
ἱμάντα,strap,N-AMS,G2438,Mark 1,91,8
τῶν,of the,Art-GNP,G3588,Mark 1,92,8
ὑποδημάτων,sandals,N-GNP,G5266,Mark 1,93,8
ἐγὼ,I,PPro-N1S,G1473,Mark 1,94,8
ἐβάπτισα,baptized,V-AIA-1S,G907,Mark 1,95,8
ὑμᾶς,you,PPro-A2P,G4771,Mark 1,96,8
ὕδατι,with water,N-DNS,G5204,Mark 1,97,8
αὐτὸς,He,PPro-NM3S,G846,Mark 1,98,8
δὲ,however,Conj,G1161,Mark 1,99,8
βαπτίσει,will baptize,V-FIA-3S,G907,Mark 1,100,8
ἐν,with,Prep,G1722,Mark 1,101,8
Πνεύματι,the Spirit,N-DNS,G4151,Mark 1,102,8
Ἁγίῳ,Holy,Adj-DNS,G40,Mark 1,103,8
ἐγένετο,it came to pass,V-AIM-3S,G1096,Mark 1,104,8
ἐκείναις,those,DPro-DFP,G1565,Mark 1,105,8
ταῖς,-,Art-DFP,G3588,Mark 1,106,8
ἡμέραις,days,N-DFP,G2250,Mark 1,107,8
ἦλθεν,that came,V-AIA-3S,G2064,Mark 1,108,8
Ἰησοῦς,Jesus,N-NMS,G2424,Mark 1,109,8
ἀπὸ,from,Prep,G575,Mark 1,110,8
Ναζαρὲτ,Nazareth,N-GFS,G3478,Mark 1,111,8
τῆς,-,Art-GFS,G3588,Mark 1,112,8
Γαλιλαίας,of Galilee,N-GFS,G1056,Mark 1,113,8
ἐβαπτίσθη,was baptized,V-AIP-3S,G907,Mark 1,114,8
Ἰορδάνην,Jordan,N-AMS,G2446,Mark 1,115,8
ὑπὸ,by,Prep,G5259,Mark 1,116,8
Ἰωάννου,John,N-GMS,G2491,Mark 1,117,8
εὐθὺς,immediately,Adv,G2112,Mark 1,118,8
ἀναβαίνων,going up,V-PPA-NMS,G305,Mark 1,119,8
ἐκ,from,Prep,G1537,Mark 1,120,8
ὕδατος,water,N-GNS,G5204,Mark 1,121,8
εἶδεν,he saw,V-AIA-3S,G3708,Mark 1,122,8
σχιζομένους,tearing open,V-PPM/P-AMP,G4977,Mark 1,123,8
τοὺς,the,Art-AMP,G3588,Mark 1,124,8
οὐρανοὺς,heavens,N-AMP,G3772,Mark 1,125,8
τὸ,the,Art-ANS,G3588,Mark 1,126,8
Πνεῦμα,Spirit,N-ANS,G4151,Mark 1,127,8
ὡς,as,Adv,G5613,Mark 1,128,8
περιστερὰν,a dove,N-AFS,G4058,Mark 1,129,8
καταβαῖνον,descending,V-PPA-ANS,G2597,Mark 1,130,8
αὐτόν,Him,PPro-AM3S,G846,Mark 1,131,8
φωνὴ,a voice,N-NFS,G5456,Mark 1,132,8
τῶν,the,Art-GMP,G3588,Mark 1,133,8
οὐρανῶν,heavens,N-GMP,G3772,Mark 1,134,8
Σὺ,You,PPro-N2S,G4771,Mark 1,135,8
εἶ,are,V-PIA-2S,G1510,Mark 1,136,8
Υἱός,Son,N-NMS,G5207,Mark 1,137,8
ἀγαπητός,beloved,Adj-NMS,G27,Mark 1,138,8
σοὶ,You,PPro-D2S,G4771,Mark 1,139,8
εὐδόκησα,I am well pleased,V-AIA-1S,G2106,Mark 1,140,8
τὸ,the,Art-NNS,G3588,Mark 1,141,8
Πνεῦμα,Spirit,N-NNS,G4151,Mark 1,142,8
ἐκβάλλει,drives out,V-PIA-3S,G1544,Mark 1,143,8
ἔρημον,wilderness,Adj-AFS,G2048,Mark 1,144,8
τεσσεράκοντα,forty,Adj-AFP,G5062,Mark 1,145,8
ἡμέρας,days,N-AFP,G2250,Mark 1,146,8
πειραζόμενος,being tempted,V-PPM/P-NMS,G3985,Mark 1,147,8
τοῦ,-,Art-GMS,G3588,Mark 1,148,8
Σατανᾶ,Satan,N-GMS,G4567,Mark 1,149,8
μετὰ,with,Prep,G3326,Mark 1,150,8
θηρίων,wild animals,N-GNP,G2342,Mark 1,151,8
ἄγγελοι,angels,N-NMP,G32,Mark 1,152,8
διηκόνουν,were ministering,V-IIA-3P,G1247,Mark 1,153,8
αὐτῷ,to Him,PPro-DM3S,G846,Mark 1,154,8
παραδοθῆναι,delivering up,V-ANP,G3860,Mark 1,155,8
Ἰωάννην,of John,N-AMS,G2491,Mark 1,156,8
Γαλιλαίαν,Galilee,N-AFS,G1056,Mark 1,157,8
εὐαγγέλιον,gospel,N-ANS,G2098,Mark 1,158,8
ὅτι,-,Conj,G3754,Mark 1,159,8
Πεπλήρωται,Has been fulfilled,V-RIM/P-3S,G4137,Mark 1,160,8
καιρὸς,time,N-NMS,G2540,Mark 1,161,8
ἤγγικεν,has drawn near,V-RIA-3S,G1448,Mark 1,162,8
βασιλεία,kingdom,N-NFS,G932,Mark 1,163,8
μετανοεῖτε,repent,V-PMA-2P,G3340,Mark 1,164,8
πιστεύετε,believe,V-PMA-2P,G4100,Mark 1,165,8
τῷ,the,Art-DNS,G3588,Mark 1,166,8
εὐαγγελίῳ,gospel,N-DNS,G2098,Mark 1,167,8
παράγων,passing,V-PPA-NMS,G3855,Mark 1,168,8
παρὰ,by,Prep,G3844,Mark 1,169,8
θάλασσαν,Sea,N-AFS,G2281,Mark 1,170,8
Σίμωνα,Simon,N-AMS,G4613,Mark 1,171,8
Ἀνδρέαν,Andrew,N-AMS,G406,Mark 1,172,8
ἀδελφὸν,brother,N-AMS,G80,Mark 1,173,8
Σίμωνος,of Simon,N-GMS,G4613,Mark 1,174,8
ἀμφιβάλλοντας,casting a net,V-PPA-AMP,G906,Mark 1,175,8
θαλάσσῃ,sea,N-DFS,G2281,Mark 1,176,8
ἦσαν,they were,V-IIA-3P,G1510,Mark 1,177,8
γὰρ,for,Conj,G1063,Mark 1,178,8
ἁλιεῖς,fishermen,N-NMP,G231,Mark 1,179,8
εἶπεν,said,V-AIA-3S,G2036,Mark 1,180,8
αὐτοῖς,to them,PPro-DM3P,G846,Mark 1,181,8
Δεῦτε,Come,V-M-2P,G1205,Mark 1,182,8
ποιήσω,I will make,V-FIA-1S,G4160,Mark 1,183,8
γενέσθαι,to become,V-ANM,G1096,Mark 1,184,8
ἁλιεῖς,fishers,N-AMP,G231,Mark 1,185,8
ἀνθρώπων,of men,N-GMP,G444,Mark 1,186,8
ἀφέντες,having left,V-APA-NMP,G863,Mark 1,187,8
τὰ,the,Art-ANP,G3588,Mark 1,188,8
δίκτυα,nets,N-ANP,G1350,Mark 1,189,8
ἠκολούθησαν,they followed,V-AIA-3P,G190,Mark 1,190,8
προβὰς,having gone on,V-APA-NMS,G4260,Mark 1,191,8
ὀλίγον,a little,Adj-ANS,G3641,Mark 1,192,8
Ἰάκωβον,James,N-AMS,G2385,Mark 1,193,8
Ζεβεδαίου,of Zebedee,N-GMS,G2199,Mark 1,194,8
αὐτοὺς,they,PPro-AM3P,G846,Mark 1,195,8
πλοίῳ,boat,N-DNS,G4143,Mark 1,196,8
καταρτίζοντας,adjusting,V-PPA-AMP,G2675,Mark 1,197,8
ἐκάλεσεν,He called,V-AIA-3S,G2564,Mark 1,198,8
αὐτούς,them,PPro-AM3P,G846,Mark 1,199,8
πατέρα,father,N-AMS,G3962,Mark 1,200,8
Ζεβεδαῖον,Zebedee,N-AMS,G2199,Mark 1,201,8
μισθωτῶν,hired servants,N-GMP,G3411,Mark 1,202,8
ἀπῆλθον,they went away,V-AIA-3P,G565,Mark 1,203,8
εἰσπορεύονται,they go,V-PIM/P-3P,G1531,Mark 1,204,8
Καφαρναούμ,Capernaum,N-AFS,G2584,Mark 1,205,8
τοῖς,on the,Art-DNP,G3588,Mark 1,206,8
σάββασιν,Sabbaths,N-DNP,G4521,Mark 1,207,8
εἰσελθὼν,having entered,V-APA-NMS,G1525,Mark 1,208,8
συναγωγὴν,synagogue,N-AFS,G4864,Mark 1,209,8
ἐδίδασκεν,He was teaching,V-IIA-3S,G1321,Mark 1,210,8
ἐξεπλήσσοντο,they were astonished,V-IIM/P-3P,G1605,Mark 1,211,8
ἐπὶ,at,Prep,G1909,Mark 1,212,8
διδαχῇ,teaching,N-DFS,G1322,Mark 1,213,8
διδάσκων,teaching,V-PPA-NMS,G1321,Mark 1,214,8
ἐξουσίαν,authority,N-AFS,G1849,Mark 1,215,8
ἔχων,having,V-PPA-NMS,G2192,Mark 1,216,8
οὐχ,not,Adv,G3756,Mark 1,217,8
γραμματεῖς,scribes,N-NMP,G1122,Mark 1,218,8
συναγωγῇ,synagogue,N-DFS,G4864,Mark 1,219,8
ἄνθρωπος,a man,N-NMS,G444,Mark 1,220,8
πνεύματι,a spirit,N-DNS,G4151,Mark 1,221,8
ἀκαθάρτῳ,unclean,Adj-DNS,G169,Mark 1,222,8
ἀνέκραξεν,he cried out,V-AIA-3S,G349,Mark 1,223,8
Τί,What,IPro-NNS,G5101,Mark 1,224,8
ἡμῖν,to us,PPro-D1P,G1473,Mark 1,225,8
σοί,to You,PPro-D2S,G4771,Mark 1,226,8
Ἰησοῦ,Jesus,N-VMS,G2424,Mark 1,227,8
Ναζαρηνέ,of Nazareth,N-VMS,G3479,Mark 1,228,8
ἦλθες,Did You come,V-AIA-2S,G2064,Mark 1,229,8
ἀπολέσαι,to destroy,V-ANA,G622,Mark 1,230,8
ἡμᾶς,us,PPro-A1P,G1473,Mark 1,231,8
οἶδά,I know,V-RIA-1S,G1492,Mark 1,232,8
σε,You,PPro-A2S,G4771,Mark 1,233,8
τίς,who,IPro-NMS,G5101,Mark 1,234,8
Ἅγιος,Holy One,Adj-NMS,G40,Mark 1,235,8
ἐπετίμησεν,rebuked,V-AIA-3S,G2008,Mark 1,236,8
λέγων,saying,V-PPA-NMS,G3004,Mark 1,237,8
Φιμώθητι,Be silent,V-AMP-2S,G5392,Mark 1,238,8
ἔξελθε,come forth,V-AMA-2S,G1831,Mark 1,239,8
ἐξ,out of,Prep,G1537,Mark 1,240,8
σπαράξαν,having thrown into convulsions,V-APA-NNS,G4682,Mark 1,241,8
πνεῦμα,spirit,N-NNS,G4151,Mark 1,242,8
ἀκάθαρτον,unclean,Adj-NNS,G169,Mark 1,243,8
φωνῆσαν,having cried,V-APA-NNS,G5455,Mark 1,244,8
φωνῇ,in a voice,N-DFS,G5456,Mark 1,245,8
μεγάλῃ,loud,Adj-DFS,G3173,Mark 1,246,8
ἐξῆλθεν,it came forth,V-AIA-3S,G1831,Mark 1,247,8
ἐθαμβήθησαν,were astonished,V-AIP-3P,G2284,Mark 1,248,8
ἅπαντες,all,Adj-NMP,G537,Mark 1,249,8
ὥστε,so as,Conj,G5620,Mark 1,250,8
συζητεῖν,to question,V-PNA,G4802,Mark 1,251,8
ἑαυτοὺς,themselves,RefPro-AM3P,G1438,Mark 1,252,8
λέγοντας,saying,V-PPA-AMP,G3004,Mark 1,253,8
ἐστιν,is,V-PIA-3S,G1510,Mark 1,254,8
τοῦτο,this,DPro-NNS,G3778,Mark 1,255,8
διδαχὴ,teaching,N-NFS,G1322,Mark 1,256,8
καινή,new,Adj-NFS,G2537,Mark 1,257,8
κατ,With,Prep,G2596,Mark 1,258,8
πνεύμασι,spirits,N-DNP,G4151,Mark 1,259,8
ἀκαθάρτοις,unclean,Adj-DNP,G169,Mark 1,260,8
ἐπιτάσσει,He commands,V-PIA-3S,G2004,Mark 1,261,8
ὑπακούουσιν,they obey,V-PIA-3P,G5219,Mark 1,262,8
ἀκοὴ,news,N-NFS,G189,Mark 1,263,8
πανταχοῦ,everywhere,Adv,G3837,Mark 1,264,8
ὅλην,all,Adj-AFS,G3650,Mark 1,265,8
περίχωρον,surrounding region,Adj-AFS,G4066,Mark 1,266,8
συναγωγῆς,synagogue,N-GFS,G4864,Mark 1,267,8
ἐξελθόντες,having gone forth,V-APA-NMP,G1831,Mark 1,268,8
ἦλθον,they came,V-AIA-3P,G2064,Mark 1,269,8
οἰκίαν,house,N-AFS,G3614,Mark 1,270,8
Ἀνδρέου,Andrew,N-GMS,G406,Mark 1,271,8
Ἰακώβου,James,N-GMS,G2385,Mark 1,272,8
πενθερὰ,the mother-in-law,N-NFS,G3994,Mark 1,273,8
κατέκειτο,was laying sick,V-IIM/P-3S,G2621,Mark 1,274,8
πυρέσσουσα,fevering,V-PPA-NFS,G4445,Mark 1,275,8
λέγουσιν,they speak,V-PIA-3P,G3004,Mark 1,276,8
αὐτῆς,her,PPro-GF3S,G846,Mark 1,277,8
προσελθὼν,having come to her,V-APA-NMS,G4334,Mark 1,278,8
ἤγειρεν,He raised up,V-AIA-3S,G1453,Mark 1,279,8
αὐτὴν,her,PPro-AF3S,G846,Mark 1,280,8
κρατήσας,having taken hold,V-APA-NMS,G2902,Mark 1,281,8
χειρός,hand,N-GFS,G5495,Mark 1,282,8
ἀφῆκεν,left,V-AIA-3S,G863,Mark 1,283,8
πυρετός,fever,N-NMS,G4446,Mark 1,284,8
διηκόνει,she began to minister,V-IIA-3S,G1247,Mark 1,285,8
Ὀψίας,Evening,Adj-GFS,G3798,Mark 1,286,8
γενομένης,having come,V-APM-GFS,G1096,Mark 1,287,8
ὅτε,when,Adv,G3753,Mark 1,288,8
ἔδυ,went down,V-AIA-3S,G1416,Mark 1,289,8
ἥλιος,sun,N-NMS,G2246,Mark 1,290,8
ἔφερον,they began bringing,V-IIA-3P,G5342,Mark 1,291,8
πάντας,all,Adj-AMP,G3956,Mark 1,292,8
κακῶς,sick,Adv,G2560,Mark 1,293,8
ἔχοντας,being,V-PPA-AMP,G2192,Mark 1,294,8
δαιμονιζομένους,being possessed by demons,V-PPM/P-AMP,G1139,Mark 1,295,8
ὅλη,all,Adj-NFS,G3650,Mark 1,296,8
πόλις,city,N-NFS,G4172,Mark 1,297,8
ἐπισυνηγμένη,gathered together,V-RPM/P-NFS,G1996,Mark 1,298,8
θύραν,door,N-AFS,G2374,Mark 1,299,8
ἐθεράπευσεν,He healed,V-AIA-3S,G2323,Mark 1,300,8
πολλοὺς,many,Adj-AMP,G4183,Mark 1,301,8
ποικίλαις,of various,Adj-DFP,G4164,Mark 1,302,8
νόσοις,diseases,N-DFP,G3554,Mark 1,303,8
δαιμόνια,demons,N-ANP,G1140,Mark 1,304,8
πολλὰ,many,Adj-ANP,G4183,Mark 1,305,8
ἐξέβαλεν,He cast out,V-AIA-3S,G1544,Mark 1,306,8
ἤφιεν,He would allow,V-IIA-3S,G863,Mark 1,307,8
λαλεῖν,to speak,V-PNA,G2980,Mark 1,308,8
ᾔδεισαν,they knew,V-LIA-3P,G1492,Mark 1,309,8
Χριστὸν,Christ,N-AMS,G5547,Mark 1,310,8
εἶναι,to be,V-PNA,G1510,Mark 1,311,8
πρωῒ,very early,Adv,G4404,Mark 1,312,8
ἔννυχα,in night,Adv,G1773,Mark 1,313,8
λίαν,still much,Adv,G3029,Mark 1,314,8
ἀναστὰς,having risen up,V-APA-NMS,G450,Mark 1,315,8
ἀπῆλθεν,departed,V-AIA-3S,G565,Mark 1,316,8
ἔρημον,solitary,Adj-AMS,G2048,Mark 1,317,8
τόπον,a place,N-AMS,G5117,Mark 1,318,8
κἀκεῖ,and there,Conj,G2546,Mark 1,319,8
προσηύχετο,He was praying,V-IIM/P-3S,G4336,Mark 1,320,8
κατεδίωξεν,went after,V-AIA-3S,G2614,Mark 1,321,8
Σίμων,Simon,N-NMS,G4613,Mark 1,322,8
μετ,with,Prep,G3326,Mark 1,323,8
εὗρον,having found,V-AIA-3P,G2147,Mark 1,324,8
Πάντες,Everyone,Adj-NMP,G3956,Mark 1,325,8
ζητοῦσίν,seeks,V-PIA-3P,G2212,Mark 1,326,8
λέγει,He says,V-PIA-3S,G3004,Mark 1,327,8
Ἄγωμεν,Let us go,V-PSA-1P,G71,Mark 1,328,8
ἀλλαχοῦ,another way,Adv,G237,Mark 1,329,8
ἐχομένας,neighboring,V-PPM/P-AFP,G2192,Mark 1,330,8
κωμοπόλεις,towns,N-AFP,G2969,Mark 1,331,8
ἵνα,so that,Conj,G2443,Mark 1,332,8
ἐκεῖ,there,Adv,G1563,Mark 1,333,8
κηρύξω,I might preach,V-ASA-1S,G2784,Mark 1,334,8
τοῦτο,this,DPro-ANS,G3778,Mark 1,335,8
ἐξῆλθον,have I come forth,V-AIA-1S,G1831,Mark 1,336,8
συναγωγὰς,synagogues,N-AFP,G4864,Mark 1,337,8
ἐκβάλλων,casting out,V-PPA-NMS,G1544,Mark 1,338,8
ἔρχεται,comes,V-PIM/P-3S,G2064,Mark 1,339,8
λεπρὸς,a leper,Adj-NMS,G3015,Mark 1,340,8
παρακαλῶν,imploring,V-PPA-NMS,G3870,Mark 1,341,8
γονυπετῶν,kneeling down to Him,V-PPA-NMS,G1120,Mark 1,342,8
Ἐὰν,If,Conj,G1437,Mark 1,343,8
θέλῃς,You are willing,V-PSA-2S,G2309,Mark 1,344,8
δύνασαί,You are able,V-PIM/P-2S,G1410,Mark 1,345,8
με,me,PPro-A1S,G1473,Mark 1,346,8
καθαρίσαι,to cleanse,V-ANA,G2511,Mark 1,347,8
σπλαγχνισθεὶς,having been moved with compassion,V-APP-NMS,G4697,Mark 1,348,8
ἐκτείνας,having stretched out,V-APA-NMS,G1614,Mark 1,349,8
χεῖρα,hand,N-AFS,G5495,Mark 1,350,8
ἥψατο,He touched him,V-AIM-3S,G680,Mark 1,351,8
Θέλω,I am willing,V-PIA-1S,G2309,Mark 1,352,8
καθαρίσθητι,be you cleansed,V-AMP-2S,G2511,Mark 1,353,8
ἀπ,from,Prep,G575,Mark 1,354,8
λέπρα,leprosy,N-NFS,G3014,Mark 1,355,8
ἐκαθαρίσθη,he was cleansed,V-AIP-3S,G2511,Mark 1,356,8
ἐμβριμησάμενος,having sternly warned,V-APM-NMS,G1690,Mark 1,357,8
Ὅρα,See that,V-PMA-2S,G3708,Mark 1,358,8
μηδενὶ,nothing,Adj-DMS,G3367,Mark 1,359,8
μηδὲν,to none,Adj-ANS,G3367,Mark 1,360,8
εἴπῃς,you speak,V-ASA-2S,G2036,Mark 1,361,8
ἀλλὰ,But,Conj,G235,Mark 1,362,8
ὕπαγε,go,V-PMA-2S,G5217,Mark 1,363,8
σεαυτὸν,yourself,PPro-AM2S,G4572,Mark 1,364,8
δεῖξον,show,V-AMA-2S,G1166,Mark 1,365,8
ἱερεῖ,priest,N-DMS,G2409,Mark 1,366,8
προσένεγκε,offer,V-AMA-2S,G4374,Mark 1,367,8
καθαρισμοῦ,cleansing,N-GMS,G2512,Mark 1,368,8
ἃ,what,RelPro-ANP,G3739,Mark 1,369,8
προσέταξεν,commanded,V-AIA-3S,G4367,Mark 1,370,8
Μωϋσῆς,Moses,N-NMS,G3475,Mark 1,371,8
μαρτύριον,a testimony,N-ANS,G3142,Mark 1,372,8
Ὁ,-,Art-NMS,G3588,Mark 1,373,8
ἐξελθὼν,having gone out,V-APA-NMS,G1831,Mark 1,374,8
ἤρξατο,he began,V-AIM-3S,G756,Mark 1,375,8
κηρύσσειν,to proclaim,V-PNA,G2784,Mark 1,376,8
διαφημίζειν,to spread abroad,V-PNA,G1310,Mark 1,377,8
λόγον,matter,N-AMS,G3056,Mark 1,378,8
μηκέτι,no longer,Adv,G3371,Mark 1,379,8
δύνασθαι,was able,V-PNM/P,G1410,Mark 1,380,8
φανερῶς,openly,Adv,G5320,Mark 1,381,8
πόλιν,city,N-AFS,G4172,Mark 1,382,8
εἰσελθεῖν,to enter,V-ANA,G1525,Mark 1,383,8
ἀλλ,but,Conj,G235,Mark 1,384,8
ἔξω,out,Adv,G1854,Mark 1,385,8
ἐπ,in,Prep,G1909,Mark 1,386,8
ἐρήμοις,solitary,Adj-DMP,G2048,Mark 1,387,8
τόποις,places,N-DMP,G5117,Mark 1,388,8
ἤρχοντο,they were coming,V-IIM/P-3P,G2064,Mark 1,389,8
πάντοθεν,from every quarter,Adv,G3840,Mark 1,390,8
Καὶ,And,Conj,G2532,Mark 2,391,8
εἰσελθὼν,He having entered,V-APA-NMS,G1525,Mark 2,392,8
πάλιν,again,Adv,G3825,Mark 2,393,8
εἰς,into,Prep,G1519,Mark 2,394,8
Καφαρναοὺμ,Capernaum,N-AFS,G2584,Mark 2,395,8
δι,after some,Prep,G1223,Mark 2,396,8
ἡμερῶν,days,N-GFP,G2250,Mark 2,397,8
ἠκούσθη,it was heard,V-AIP-3S,G191,Mark 2,398,8
ὅτι,that,Conj,G3754,Mark 2,399,8
ἐν,in,Prep,G1722,Mark 2,400,8
οἴκῳ,the house,N-DMS,G3624,Mark 2,401,8
ἐστίν,He is,V-PIA-3S,G1510,Mark 2,402,8
καὶ,And,Conj,G2532,Mark 2,403,8
συνήχθησαν,were gathered together,V-AIP-3P,G4863,Mark 2,404,8
πολλοὶ,many,Adj-NMP,G4183,Mark 2,405,8
ὥστε,so that,Conj,G5620,Mark 2,406,8
μηκέτι,no more,Adv,G3371,Mark 2,407,8
χωρεῖν,to have space,V-PNA,G5562,Mark 2,408,8
μηδὲ,not even,Conj,G3366,Mark 2,409,8
τὰ,-,Art-ANP,G3588,Mark 2,410,8
πρὸς,at,Prep,G4314,Mark 2,411,8
τὴν,the,Art-AFS,G3588,Mark 2,412,8
θύραν,door,N-AFS,G2374,Mark 2,413,8
ἐλάλει,He was speaking,V-IIA-3S,G2980,Mark 2,414,8
αὐτοῖς,to them,PPro-DM3P,G846,Mark 2,415,8
τὸν,the,Art-AMS,G3588,Mark 2,416,8
λόγον,word,N-AMS,G3056,Mark 2,417,8
ἔρχονται,they come,V-PIM/P-3P,G2064,Mark 2,418,8
φέροντες,bringing,V-PPA-NMP,G5342,Mark 2,419,8
αὐτὸν,Him,PPro-AM3S,G846,Mark 2,420,8
παραλυτικὸν,a paralytic,Adj-AMS,G3885,Mark 2,421,8
αἰρόμενον,being carried,V-PPM/P-AMS,G142,Mark 2,422,8
ὑπὸ,by,Prep,G5259,Mark 2,423,8
τεσσάρων,four,Adj-GMP,G5064,Mark 2,424,8
μὴ,not,Adv,G3361,Mark 2,425,8
δυνάμενοι,being able,V-PPM/P-NMP,G1410,Mark 2,426,8
προσενέγκαι,to come near,V-ANA,G4374,Mark 2,427,8
αὐτῷ,to Him,PPro-DM3S,G846,Mark 2,428,8
διὰ,on account of,Prep,G1223,Mark 2,429,8
ὄχλον,crowd,N-AMS,G3793,Mark 2,430,8
ἀπεστέγασαν,they removed,V-AIA-3P,G648,Mark 2,431,8
στέγην,roof,N-AFS,G4721,Mark 2,432,8
ὅπου,where,Adv,G3699,Mark 2,433,8
ἦν,He was,V-IIA-3S,G1510,Mark 2,434,8
ἐξορύξαντες,having broken up it,V-APA-NMP,G1846,Mark 2,435,8
χαλῶσι,they let down,V-PIA-3P,G5465,Mark 2,436,8
κράβαττον,pallet,N-AMS,G2895,Mark 2,437,8
ὁ,the,Art-NMS,G3588,Mark 2,438,8
παραλυτικὸς,paralytic,Adj-NMS,G3885,Mark 2,439,8
κατέκειτο,was lying,V-IIM/P-3S,G2621,Mark 2,440,8
ἰδὼν,having seen,V-APA-NMS,G3708,Mark 2,441,8
Ἰησοῦς,Jesus,N-NMS,G2424,Mark 2,442,8
πίστιν,faith,N-AFS,G4102,Mark 2,443,8
αὐτῶν,of them,PPro-GM3P,G846,Mark 2,444,8
λέγει,He says,V-PIA-3S,G3004,Mark 2,445,8
τῷ,to the,Art-DMS,G3588,Mark 2,446,8
παραλυτικῷ,paralytic,Adj-DMS,G3885,Mark 2,447,8
Τέκνον,Son,N-VNS,G5043,Mark 2,448,8
ἀφίενταί,are forgiven,V-PIM/P-3P,G863,Mark 2,449,8
σου,of you,PPro-G2S,G4771,Mark 2,450,8
αἱ,the,Art-NFP,G3588,Mark 2,451,8
ἁμαρτίαι,sins,N-NFP,G266,Mark 2,452,8
Ἦσαν,Were,V-IIA-3P,G1510,Mark 2,453,8
δέ,now,Conj,G1161,Mark 2,454,8
τινες,some,IPro-NMP,G5100,Mark 2,455,8
τῶν,of the,Art-GMP,G3588,Mark 2,456,8
γραμματέων,scribes,N-GMP,G1122,Mark 2,457,8
ἐκεῖ,there,Adv,G1563,Mark 2,458,8
καθήμενοι,sitting,V-PPM/P-NMP,G2521,Mark 2,459,8
διαλογιζόμενοι,reasoning,V-PPM/P-NMP,G1260,Mark 2,460,8
ταῖς,the,Art-DFP,G3588,Mark 2,461,8
καρδίαις,hearts,N-DFP,G2588,Mark 2,462,8
Τί,Why,IPro-ANS,G5101,Mark 2,463,8
οὗτος,this man,DPro-NMS,G3778,Mark 2,464,8
οὕτως,thus,Adv,G3779,Mark 2,465,8
λαλεῖ,does speak,V-PIA-3S,G2980,Mark 2,466,8
βλασφημεῖ,He blasphemes,V-PIA-3S,G987,Mark 2,467,8
τίς,Who,IPro-NMS,G5101,Mark 2,468,8
δύναται,is able,V-PIM/P-3S,G1410,Mark 2,469,8
ἀφιέναι,to forgive,V-PNA,G863,Mark 2,470,8
ἁμαρτίας,sins,N-AFP,G266,Mark 2,471,8
εἰ,if,Conj,G1487,Mark 2,472,8
εἷς,alone,Adj-NMS,G1520,Mark 2,473,8
Θεός,God,N-NMS,G2316,Mark 2,474,8
εὐθὺς,immediately,Adv,G2112,Mark 2,475,8
ἐπιγνοὺς,having known,V-APA-NMS,G1921,Mark 2,476,8
τῷ,in the,Art-DNS,G3588,Mark 2,477,8
πνεύματι,spirit,N-DNS,G4151,Mark 2,478,8
αὐτοῦ,of Him,PPro-GM3S,G846,Mark 2,479,8
διαλογίζονται,they are reasoning,V-PIM/P-3P,G1260,Mark 2,480,8
ἑαυτοῖς,themselves,RefPro-DM3P,G1438,Mark 2,481,8
ταῦτα,these things,DPro-ANP,G3778,Mark 2,482,8
διαλογίζεσθε,reason you,V-PIM/P-2P,G1260,Mark 2,483,8
ὑμῶν,of you,PPro-G2P,G4771,Mark 2,484,8
τί,Which,IPro-NNS,G5101,Mark 2,485,8
ἐστιν,is,V-PIA-3S,G1510,Mark 2,486,8
εὐκοπώτερον,easier,Adj-NNS-C,G2123,Mark 2,487,8
εἰπεῖν,to say,V-ANA,G2036,Mark 2,488,8
Ἀφίενταί,Are forgiven,V-PIM/P-3P,G863,Mark 2,489,8
ἢ,or,Conj,G2228,Mark 2,490,8
Ἔγειρε,Arise,V-PMA-2S,G1453,Mark 2,491,8
ἆρον,take up,V-AMA-2S,G142,Mark 2,492,8
κράβαττόν,mat,N-AMS,G2895,Mark 2,493,8
περιπάτει,walk,V-PMA-2S,G4043,Mark 2,494,8
ἵνα,That,Conj,G2443,Mark 2,495,8
δὲ,however,Conj,G1161,Mark 2,496,8
εἰδῆτε,you might know,V-RSA-2P,G1492,Mark 2,497,8
ἐξουσίαν,authority,N-AFS,G1849,Mark 2,498,8
ἔχει,has,V-PIA-3S,G2192,Mark 2,499,8
Υἱὸς,Son,N-NMS,G5207,Mark 2,500,8
τοῦ,-,Art-GMS,G3588,Mark 2,501,8
ἀνθρώπου,of Man,N-GMS,G444,Mark 2,502,8
ἀφιέναι,to forgive,V-PNA,G863,Mark 2,503,8
ἁμαρτίας» ,sins,N-AFP,G266,Mark 2,504,8
ἐπὶ,on,Prep,G1909,Mark 2,505,8
τῆς,the,Art-GFS,G3588,Mark 2,506,8
γῆς,earth,N-GFS,G1093,Mark 2,507,8
Σοὶ,To you,PPro-D2S,G4771,Mark 2,508,8
λέγω,I say,V-PIA-1S,G3004,Mark 2,509,8
ἔγειρε,arise,V-PMA-2S,G1453,Mark 2,510,8
ὕπαγε,go,V-PMA-2S,G5217,Mark 2,511,8
οἶκόν,home,N-AMS,G3624,Mark 2,512,8
ἠγέρθη,he arose,V-AIP-3S,G1453,Mark 2,513,8
ἄρας,having taken up,V-APA-NMS,G142,Mark 2,514,8
ἐξῆλθεν,he went forth,V-AIA-3S,G1831,Mark 2,515,8
ἔμπροσθεν,before,Prep,G1715,Mark 2,516,8
πάντων,all,Adj-GMP,G3956,Mark 2,517,8
ἐξίστασθαι,to be amazed,V-PNM,G1839,Mark 2,518,8
πάντας,all,Adj-AMP,G3956,Mark 2,519,8
δοξάζειν,to glorify,V-PNA,G1392,Mark 2,520,8
Θεὸν,God,N-AMS,G2316,Mark 2,521,8
λέγοντας,saying,V-PPA-AMP,G3004,Mark 2,522,8
Οὕτως,Thus,Adv,G3779,Mark 2,523,8
οὐδέποτε,never,Adv,G3763,Mark 2,524,8
εἴδομεν,did we see,V-AIA-1P,G3708,Mark 2,525,8
παρὰ,beside,Prep,G3844,Mark 2,526,8
θάλασσαν,sea,N-AFS,G2281,Mark 2,527,8
πᾶς,all,Adj-NMS,G3956,Mark 2,528,8
ὄχλος,crowd,N-NMS,G3793,Mark 2,529,8
ἤρχετο,was coming,V-IIM/P-3S,G2064,Mark 2,530,8
αὐτόν,Him,PPro-AM3S,G846,Mark 2,531,8
ἐδίδασκεν,He taught,V-IIA-3S,G1321,Mark 2,532,8
αὐτούς,them,PPro-AM3P,G846,Mark 2,533,8
παράγων,passing on,V-PPA-NMS,G3855,Mark 2,534,8
εἶδεν,He saw,V-AIA-3S,G3708,Mark 2,535,8
Λευὶν,Levi,N-AMS,G3018,Mark 2,536,8
Ἁλφαίου,of Alphaeus,N-GMS,G256,Mark 2,537,8
καθήμενον,sitting,V-PPM/P-AMS,G2521,Mark 2,538,8
ἐπὶ,at,Prep,G1909,Mark 2,539,8
τὸ,the,Art-ANS,G3588,Mark 2,540,8
τελώνιον,tax booth,N-ANS,G5058,Mark 2,541,8
Ἀκολούθει,Follow,V-PMA-2S,G190,Mark 2,542,8
μοι,Me,PPro-D1S,G1473,Mark 2,543,8
ἀναστὰς,having arisen,V-APA-NMS,G450,Mark 2,544,8
ἠκολούθησεν,he followed,V-AIA-3S,G190,Mark 2,545,8
γίνεται,it came to pass,V-PIM/P-3S,G1096,Mark 2,546,8
κατακεῖσθαι,reclining,V-PNM/P,G2621,Mark 2,547,8
τῇ,the,Art-DFS,G3588,Mark 2,548,8
οἰκίᾳ,house,N-DFS,G3614,Mark 2,549,8
τελῶναι,tax collectors,N-NMP,G5057,Mark 2,550,8
ἁμαρτωλοὶ,sinners,Adj-NMP,G268,Mark 2,551,8
συνανέκειντο,were reclining with,V-IIM/P-3P,G4873,Mark 2,552,8
Ἰησοῦ,Jesus,N-DMS,G2424,Mark 2,553,8
τοῖς,the,Art-DMP,G3588,Mark 2,554,8
μαθηταῖς,disciples,N-DMP,G3101,Mark 2,555,8
ἦσαν,there were,V-IIA-3P,G1510,Mark 2,556,8
γὰρ,for,Conj,G1063,Mark 2,557,8
ἠκολούθουν,they were following,V-IIA-3P,G190,Mark 2,558,8
οἱ,the,Art-NMP,G3588,Mark 2,559,8
γραμματεῖς,scribes,N-NMP,G1122,Mark 2,560,8
Φαρισαίων,Pharisees,N-GMP,G5330,Mark 2,561,8
ἰδόντες,having seen,V-APA-NMP,G3708,Mark 2,562,8
ἐσθίει,eating,V-PIA-3S,G2068,Mark 2,563,8
μετὰ,with,Prep,G3326,Mark 2,564,8
ἁμαρτωλῶν,sinners,Adj-GMP,G268,Mark 2,565,8
τελωνῶν,tax collectors,N-GMP,G5057,Mark 2,566,8
ἔλεγον,were saying,V-IIA-3P,G2036,Mark 2,567,8
Ὅτι,Why,Conj,G3754,Mark 2,568,8
ἀκούσας,having heard,V-APA-NMS,G191,Mark 2,569,8
ὅτι,-,Conj,G3754,Mark 2,570,8
Οὐ,No,Adv,G3756,Mark 2,571,8
χρείαν,need,N-AFS,G5532,Mark 2,572,8
ἔχουσιν,have,V-PIA-3P,G2192,Mark 2,573,8
ἰσχύοντες,being strong,V-PPA-NMP,G2480,Mark 2,574,8
ἰατροῦ,of a physician,N-GMS,G2395,Mark 2,575,8
ἀλλ,but,Conj,G235,Mark 2,576,8
κακῶς,sick,Adv,G2560,Mark 2,577,8
ἔχοντες,being,V-PPA-NMP,G2192,Mark 2,578,8
οὐκ,Not,Adv,G3756,Mark 2,579,8
ἦλθον,I came,V-AIA-1S,G2064,Mark 2,580,8
καλέσαι,to call,V-ANA,G2564,Mark 2,581,8
δικαίους,the righteous,Adj-AMP,G1342,Mark 2,582,8
ἀλλὰ,but,Conj,G235,Mark 2,583,8
ἁμαρτωλούς,sinners,Adj-AMP,G268,Mark 2,584,8
μαθηταὶ,disciples,N-NMP,G3101,Mark 2,585,8
Ἰωάννου,of John,N-GMS,G2491,Mark 2,586,8
Φαρισαῖοι,Pharisees,N-NMP,G5330,Mark 2,587,8
νηστεύοντες,fasting,V-PPA-NMP,G3522,Mark 2,588,8
λέγουσιν,say,V-PIA-3P,G3004,Mark 2,589,8
Διὰ,Because of,Prep,G1223,Mark 2,590,8
τί,why,IPro-ANS,G5101,Mark 2,591,8
νηστεύουσιν,fast,V-PIA-3P,G3522,Mark 2,592,8
σοὶ,Your,PPro-NM2P,G4674,Mark 2,593,8
οὐ,not,Adv,G3756,Mark 2,594,8
εἶπεν,said,V-AIA-3S,G2036,Mark 2,595,8
Μὴ,Not,Adv,G3361,Mark 2,596,8
δύνανται,are able,V-PIM/P-3P,G1410,Mark 2,597,8
υἱοὶ,sons,N-NMP,G5207,Mark 2,598,8
νυμφῶνος,bridechamber,N-GMS,G3567,Mark 2,599,8
ᾧ,which,RelPro-DMS,G3739,Mark 2,600,8
νυμφίος,bridegroom,N-NMS,G3566,Mark 2,601,8
μετ,with,Prep,G3326,Mark 2,602,8
νηστεύειν,to fast,V-PNA,G3522,Mark 2,603,8
ὅσον,As long as,RelPro-AMS,G3745,Mark 2,604,8
χρόνον,time,N-AMS,G5550,Mark 2,605,8
νυμφίον,bridegroom,N-AMS,G3566,Mark 2,606,8
ἐλεύσονται,Will come,V-FIM-3P,G2064,Mark 2,607,8
ἡμέραι,the days,N-NFP,G2250,Mark 2,608,8
ὅταν,when,Conj,G3752,Mark 2,609,8
ἀπαρθῇ,will have been taken away,V-ASP-3S,G522,Mark 2,610,8
ἀπ,from,Prep,G575,Mark 2,611,8
τότε,then,Adv,G5119,Mark 2,612,8
νηστεύσουσιν,they will fast,V-FIA-3P,G3522,Mark 2,613,8
ἐκείνῃ,those,DPro-DFS,G1565,Mark 2,614,8
ἡμέρᾳ,days,N-DFS,G2250,Mark 2,615,8
Οὐδεὶς,No one,Adj-NMS,G3762,Mark 2,616,8
ἐπίβλημα,a patch,N-ANS,G1915,Mark 2,617,8
ῥάκους,of cloth,N-GNS,G4470,Mark 2,618,8
ἀγνάφου,unshrunk,Adj-GNS,G46,Mark 2,619,8
ἐπιράπτει,sews,V-PIA-3S,G1976,Mark 2,620,8
ἱμάτιον,clothing,N-ANS,G2440,Mark 2,621,8
παλαιόν,old,Adj-ANS,G3820,Mark 2,622,8
μή,not,Adv,G3361,Mark 2,623,8
αἴρει,tears away,V-PIA-3S,G142,Mark 2,624,8
πλήρωμα,patch,N-ANS,G4138,Mark 2,625,8
αὐτοῦ,it,PPro-GN3S,G846,Mark 2,626,8
τὸ,-,Art-NNS,G3588,Mark 2,627,8
καινὸν,new,Adj-NNS,G2537,Mark 2,628,8
τοῦ,from the,Art-GNS,G3588,Mark 2,629,8
παλαιοῦ,old,Adj-GNS,G3820,Mark 2,630,8
χεῖρον,worse,Adj-NNS-C,G5501,Mark 2,631,8
σχίσμα,a tear,N-NNS,G4978,Mark 2,632,8
οὐδεὶς,no one,Adj-NMS,G3762,Mark 2,633,8
βάλλει,puts,V-PIA-3S,G906,Mark 2,634,8
οἶνον,wine,N-AMS,G3631,Mark 2,635,8
νέον,new,Adj-AMS,G3501,Mark 2,636,8
ἀσκοὺς,wineskins,N-AMP,G779,Mark 2,637,8
παλαιούς,old,Adj-AMP,G3820,Mark 2,638,8
ῥήξει,will burst,V-FIA-3S,G4486,Mark 2,639,8
οἶνος,wine,N-NMS,G3631,Mark 2,640,8
τοὺς,the,Art-AMP,G3588,Mark 2,641,8
ἀσκούς,wineskins,N-AMP,G779,Mark 2,642,8
ἀπόλλυται,will be destroyed,V-PIM/P-3S,G622,Mark 2,643,8
ἀσκοί,wineskins,N-NMP,G779,Mark 2,644,8
καινούς,new,Adj-AMP,G2537,Mark 2,645,8
ἐγένετο,it came to pass,V-AIM-3S,G1096,Mark 2,646,8
τοῖς,the,Art-DNP,G3588,Mark 2,647,8
σάββασιν,Sabbaths,N-DNP,G4521,Mark 2,648,8
παραπορεύεσθαι,is passing,V-PNM/P,G3899,Mark 2,649,8
τῶν,the,Art-GNP,G3588,Mark 2,650,8
σπορίμων,grainfields,Adj-GNP,G4702,Mark 2,651,8
ἤρξαντο,began,V-AIM-3P,G756,Mark 2,652,8
ὁδὸν,their way,N-AFS,G3598,Mark 2,653,8
ποιεῖν,to make,V-PNA,G4160,Mark 2,654,8
τίλλοντες,plucking,V-PPA-NMP,G5089,Mark 2,655,8
στάχυας,heads of grain,N-AMP,G4719,Mark 2,656,8
Ἴδε,Behold,V-AMA-2S,G2400,Mark 2,657,8
ποιοῦσιν,do they,V-PIA-3P,G4160,Mark 2,658,8
ὃ,that which,RelPro-NNS,G3739,Mark 2,659,8
ἔξεστιν,is lawful,V-PIA-3S,G1832,Mark 2,660,8
Οὐδέποτε,Never,Adv,G3763,Mark 2,661,8
ἀνέγνωτε,did you read,V-AIA-2P,G314,Mark 2,662,8
ἐποίησεν,did,V-AIA-3S,G4160,Mark 2,663,8
Δαυὶδ,David,N-NMS,G1138,Mark 2,664,8
ὅτε,when,Adv,G3753,Mark 2,665,8
ἔσχεν,he had,V-AIA-3S,G2192,Mark 2,666,8
ἐπείνασεν,hungered,V-AIA-3S,G3983,Mark 2,667,8
αὐτὸς,he,PPro-NM3S,G846,Mark 2,668,8
πῶς,How,Conj,G4459,Mark 2,669,8
εἰσῆλθεν,he entered,V-AIA-3S,G1525,Mark 2,670,8
οἶκον,house,N-AMS,G3624,Mark 2,671,8
Θεοῦ,of God,N-GMS,G2316,Mark 2,672,8
Ἀβιαθὰρ,Abiathar,N-GMS,G8,Mark 2,673,8
ἀρχιερέως,the high priest,N-GMS,G749,Mark 2,674,8
ἄρτους,loaves,N-AMP,G740,Mark 2,675,8
προθέσεως,presentation,N-GFS,G4286,Mark 2,676,8
ἔφαγεν,ate,V-AIA-3S,G5315,Mark 2,677,8
οὓς,which,RelPro-AMP,G3739,Mark 2,678,8
φαγεῖν,to eat,V-ANA,G5315,Mark 2,679,8
ἱερεῖς,priests,N-AMP,G2409,Mark 2,680,8
ἔδωκεν,he gave,V-AIA-3S,G1325,Mark 2,681,8
σὺν,with,Prep,G4862,Mark 2,682,8
οὖσιν,being,V-PPA-DMP,G1510,Mark 2,683,8
ἔλεγεν,He said,V-IIA-3S,G2036,Mark 2,684,8
Τὸ,The,Art-NNS,G3588,Mark 2,685,8
σάββατον,Sabbath,N-NNS,G4521,Mark 2,686,8
ἄνθρωπον,man,N-AMS,G444,Mark 2,687,8
οὐχ,not,Adv,G3756,Mark 2,688,8
ἄνθρωπος,man,N-NMS,G444,Mark 2,689,8
σάββατον,Sabbath,N-ANS,G4521,Mark 2,690,8
κύριός,Lord,N-NMS,G2962,Mark 2,691,8
σαββάτου,Sabbath,N-GNS,G4521,Mark 2,692,8
Καὶ,And,Conj,G2532,Mark 3,693,8
εἰσῆλθεν,He entered,V-AIA-3S,G1525,Mark 3,694,8
πάλιν,again,Adv,G3825,Mark 3,695,8
εἰς,into,Prep,G1519,Mark 3,696,8
τὴν,the,Art-AFS,G3588,Mark 3,697,8
συναγωγήν,synagogue,N-AFS,G4864,Mark 3,698,8
καὶ,and,Conj,G2532,Mark 3,699,8
ἦν,there was,V-IIA-3S,G1510,Mark 3,700,8
ἐκεῖ,there,Adv,G1563,Mark 3,701,8
ἄνθρωπος,a man,N-NMS,G444,Mark 3,702,8
ἐξηραμμένην,withered,V-RPM/P-AFS,G3583,Mark 3,703,8
ἔχων,having,V-PPA-NMS,G2192,Mark 3,704,8
τὴν,the,Art-AFS,G3588,Mark 3,705,8
χεῖρα,hand,N-AFS,G5495,Mark 3,706,8
παρετήρουν,they were watching,V-IIA-3P,G3906,Mark 3,707,8
αὐτὸν,Him,PPro-AM3S,G846,Mark 3,708,8
εἰ,whether,Conj,G1487,Mark 3,709,8
τοῖς,on the,Art-DNP,G3588,Mark 3,710,8
σάββασιν,Sabbaths,N-DNP,G4521,Mark 3,711,8
θεραπεύσει,He will heal,V-FIA-3S,G2323,Mark 3,712,8
αὐτόν,him,PPro-AM3S,G846,Mark 3,713,8
ἵνα,in order that,Conj,G2443,Mark 3,714,8
κατηγορήσωσιν,they might accuse,V-ASA-3P,G2723,Mark 3,715,8
αὐτοῦ,Him,PPro-GM3S,G846,Mark 3,716,8
λέγει,He says,V-PIA-3S,G3004,Mark 3,717,8
τῷ,to the,Art-DMS,G3588,Mark 3,718,8
ἀνθρώπῳ,man,N-DMS,G444,Mark 3,719,8
χεῖρα,hand,N-AFS,G5495,Mark 3,720,8
ἔχοντι» ,having,V-PPA-DMS,G2192,Mark 3,721,8
ξηράν,withered,Adj-AFS,G3584,Mark 3,722,8
Ἔγειρε,Arise,V-PMA-2S,G1453,Mark 3,723,8
τὸ,the,Art-ANS,G3588,Mark 3,724,8
μέσον,midst,Adj-ANS,G3319,Mark 3,725,8
αὐτοῖς,to them,PPro-DM3P,G846,Mark 3,726,8
Ἔξεστιν,Is it lawful,V-PIA-3S,G1832,Mark 3,727,8
ἀγαθὸν,to do good,V-ANA,G15,Mark 3,728,8
ἢ,or,Conj,G2228,Mark 3,729,8
κακοποιῆσαι,to do evil,V-ANA,G2554,Mark 3,730,8
ψυχὴν,Life,N-AFS,G5590,Mark 3,731,8
σῶσαι,to save,V-ANA,G4982,Mark 3,732,8
ἀποκτεῖναι,to kill,V-ANA,G615,Mark 3,733,8
Οἱ,-,Art-NMP,G3588,Mark 3,734,8
δὲ,But,Conj,G1161,Mark 3,735,8
ἐσιώπων,they were silent,V-IIA-3P,G4623,Mark 3,736,8
περιβλεψάμενος,having looked around on,V-APM-NMS,G4017,Mark 3,737,8
αὐτοὺς,them,PPro-AM3P,G846,Mark 3,738,8
μετ,with,Prep,G3326,Mark 3,739,8
ὀργῆς,anger,N-GFS,G3709,Mark 3,740,8
συλλυπούμενος,being grieved,V-PPM/P-NMS,G4818,Mark 3,741,8
ἐπὶ,at,Prep,G1909,Mark 3,742,8
τῇ,the,Art-DFS,G3588,Mark 3,743,8
πωρώσει,hardness,N-DFS,G4457,Mark 3,744,8
τῆς,of the,Art-GFS,G3588,Mark 3,745,8
καρδίας,heart,N-GFS,G2588,Mark 3,746,8
αὐτῶν,of them,PPro-GM3P,G846,Mark 3,747,8
Ἔκτεινον,Stretch out,V-AMA-2S,G1614,Mark 3,748,8
σου,of you,PPro-G2S,G4771,Mark 3,749,8
ἐξέτεινεν,he stretched it out,V-AIA-3S,G1614,Mark 3,750,8
ἀπεκατεστάθη,was restored,V-AIP-3S,G600,Mark 3,751,8
ἡ,the,Art-NFS,G3588,Mark 3,752,8
χεὶρ,hand,N-NFS,G5495,Mark 3,753,8
ἐξελθόντες,having gone out,V-APA-NMP,G1831,Mark 3,754,8
οἱ,the,Art-NMP,G3588,Mark 3,755,8
Φαρισαῖοι,Pharisees,N-NMP,G5330,Mark 3,756,8
εὐθὺς,immediately,Adv,G2112,Mark 3,757,8
μετὰ,with,Prep,G3326,Mark 3,758,8
τῶν,the,Art-GMP,G3588,Mark 3,759,8
Ἡρῳδιανῶν,Herodians,N-GMP,G2265,Mark 3,760,8
συμβούλιον,counsel,N-ANS,G4824,Mark 3,761,8
ἐδίδουν,began to take,V-IIA-3P,G1325,Mark 3,762,8
κατ,against,Prep,G2596,Mark 3,763,8
ὅπως,how,Conj,G3704,Mark 3,764,8
ἀπολέσωσιν,they might destroy,V-ASA-3P,G622,Mark 3,765,8
ὁ,-,Art-NMS,G3588,Mark 3,766,8
Ἰησοῦς,Jesus,N-NMS,G2424,Mark 3,767,8
μαθητῶν,disciples,N-GMP,G3101,Mark 3,768,8
ἀνεχώρησεν,withdrew,V-AIA-3S,G402,Mark 3,769,8
πρὸς,to,Prep,G4314,Mark 3,770,8
θάλασσαν,sea,N-AFS,G2281,Mark 3,771,8
πολὺ,great,Adj-NNS,G4183,Mark 3,772,8
πλῆθος,a multitude,N-NNS,G4128,Mark 3,773,8
ἀπὸ,from,Prep,G575,Mark 3,774,8
Γαλιλαίας,Galilee,N-GFS,G1056,Mark 3,775,8
ἠκολούθησεν,followed,V-AIA-3S,G190,Mark 3,776,8
Ἰουδαίας,Judea,N-GFS,G2449,Mark 3,777,8
Ἱεροσολύμων,Jerusalem,N-GNP,G2414,Mark 3,778,8
Ἰδουμαίας,Idumea,N-GFS,G2401,Mark 3,779,8
πέραν,beyond,Prep,G4008,Mark 3,780,8
τοῦ,the,Art-GMS,G3588,Mark 3,781,8
Ἰορδάνου,Jordan,N-GMS,G2446,Mark 3,782,8
περὶ,around,Prep,G4012,Mark 3,783,8
Τύρον,Tyre,N-AFS,G5184,Mark 3,784,8
Σιδῶνα,Sidon,N-AFS,G4605,Mark 3,785,8
πολύ,great,Adj-NNS,G4183,Mark 3,786,8
ἀκούοντες,having heard,V-PPA-NMP,G191,Mark 3,787,8
ὅσα,how much,RelPro-ANP,G3745,Mark 3,788,8
ἐποίει,He was doing,V-IIA-3S,G4160,Mark 3,789,8
ἦλθον,came,V-AIA-3P,G2064,Mark 3,790,8
εἶπεν,He spoke,V-AIA-3S,G2036,Mark 3,791,8
τοῖς,to the,Art-DMP,G3588,Mark 3,792,8
μαθηταῖς,disciples,N-DMP,G3101,Mark 3,793,8
πλοιάριον,a boat,N-NNS,G4142,Mark 3,794,8
προσκαρτερῇ,might wait upon,V-PSA-3S,G4342,Mark 3,795,8
αὐτῷ,Him,PPro-DM3S,G846,Mark 3,796,8
διὰ,on account of,Prep,G1223,Mark 3,797,8
τὸν,the,Art-AMS,G3588,Mark 3,798,8
ὄχλον,crowd,N-AMS,G3793,Mark 3,799,8
μὴ,not,Adv,G3361,Mark 3,800,8
θλίβωσιν,they might press upon,V-PSA-3P,G2346,Mark 3,801,8
πολλοὺς,Many,Adj-AMP,G4183,Mark 3,802,8
γὰρ,for,Conj,G1063,Mark 3,803,8
ἐθεράπευσεν,He healed,V-AIA-3S,G2323,Mark 3,804,8
ὥστε,so as for,Conj,G5620,Mark 3,805,8
ἐπιπίπτειν,to press upon,V-PNA,G1968,Mark 3,806,8
ἅψωνται,they might touch,V-ASM-3P,G680,Mark 3,807,8
ὅσοι,as many as,RelPro-NMP,G3745,Mark 3,808,8
εἶχον,had,V-IIA-3P,G2192,Mark 3,809,8
μάστιγας,diseases,N-AFP,G3148,Mark 3,810,8
τὰ,the,Art-NNP,G3588,Mark 3,811,8
πνεύματα,spirits,N-NNP,G4151,Mark 3,812,8
ἀκάθαρτα,unclean,Adj-NNP,G169,Mark 3,813,8
ὅταν,whenever,Conj,G3752,Mark 3,814,8
ἐθεώρουν,they beheld,V-IIA-3P,G2334,Mark 3,815,8
προσέπιπτον,were falling down before,V-IIA-3P,G4363,Mark 3,816,8
ἔκραζον,crying out,V-IIA-3P,G2896,Mark 3,817,8
λέγοντα,saying,V-PPA-NNP,G3004,Mark 3,818,8
ὅτι,-,Conj,G3754,Mark 3,819,8
Σὺ,You,PPro-N2S,G4771,Mark 3,820,8
εἶ,are,V-PIA-2S,G1510,Mark 3,821,8
Υἱὸς,Son,N-NMS,G5207,Mark 3,822,8
Θεοῦ,of God,N-GMS,G2316,Mark 3,823,8
πολλὰ,much,Adj-ANP,G4183,Mark 3,824,8
ἐπετίμα,He would rebuke,V-IIA-3S,G2008,Mark 3,825,8
φανερὸν,known,Adj-AMS,G5318,Mark 3,826,8
ποιήσωσιν,they should make,V-ASA-3P,G4160,Mark 3,827,8
ἀναβαίνει,He goes up,V-PIA-3S,G305,Mark 3,828,8
ὄρος,mountain,N-ANS,G3735,Mark 3,829,8
προσκαλεῖται,calls near,V-PIM/P-3S,G4341,Mark 3,830,8
οὓς,those whom,RelPro-AMP,G3739,Mark 3,831,8
ἤθελεν,he wanted,V-IIA-3S,G2309,Mark 3,832,8
αὐτός,Himself,PPro-NM3S,G846,Mark 3,833,8
ἀπῆλθον,they went,V-AIA-3P,G565,Mark 3,834,8
ἐποίησεν,He appointed,V-AIA-3S,G4160,Mark 3,835,8
δώδεκα,twelve,Adj-AMP,G1427,Mark 3,836,8
οὓς,ones,RelPro-AMP,G3739,Mark 3,837,8
ἀποστόλους,apostles,N-AMP,G652,Mark 3,838,8
ὠνόμασεν,He called them,V-AIA-3S,G3687,Mark 3,839,8
ὦσιν,they might be,V-PSA-3P,G1510,Mark 3,840,8
ἀποστέλλῃ,He might send,V-PSA-3S,G649,Mark 3,841,8
κηρύσσειν,to preach,V-PNA,G2784,Mark 3,842,8
ἔχειν,to have,V-PNA,G2192,Mark 3,843,8
ἐξουσίαν,authority,N-AFS,G1849,Mark 3,844,8
ἐκβάλλειν,to cast out,V-PNA,G1544,Mark 3,845,8
τὰ,-,Art-ANP,G3588,Mark 3,846,8
δαιμόνια,demons,N-ANP,G1140,Mark 3,847,8
τοὺς,the,Art-AMP,G3588,Mark 3,848,8
ἐπέθηκεν,He added,V-AIA-3S,G2007,Mark 3,849,8
ὄνομα,the name,N-ANS,G3686,Mark 3,850,8
Σίμωνι,Simon,N-DMS,G4613,Mark 3,851,8
Πέτρον,Peter,N-AMS,G4074,Mark 3,852,8
Ἰάκωβον,James,N-AMS,G2385,Mark 3,853,8
Ζεβεδαίου,Zebedee,N-GMS,G2199,Mark 3,854,8
Ἰωάννην,John,N-AMS,G2491,Mark 3,855,8
ἀδελφὸν,brother,N-AMS,G80,Mark 3,856,8
Ἰακώβου,of James,N-GMS,G2385,Mark 3,857,8
ὀνόματα,name,N-ANP,G3686,Mark 3,858,8
Βοανηργές,Boanerges,N-AMP,G993,Mark 3,859,8
ὅ,which,RelPro-NNS,G3739,Mark 3,860,8
ἐστιν,is,V-PIA-3S,G1510,Mark 3,861,8
Υἱοὶ,Sons,N-NMP,G5207,Mark 3,862,8
Βροντῆς,of Thunder,N-GFS,G1027,Mark 3,863,8
Ἀνδρέαν,Andrew,N-AMS,G406,Mark 3,864,8
Φίλιππον,Philip,N-AMS,G5376,Mark 3,865,8
Βαρθολομαῖον,Bartholomew,N-AMS,G918,Mark 3,866,8
Μαθθαῖον,Matthew,N-AMS,G3156,Mark 3,867,8
Θωμᾶν,Thomas,N-AMS,G2381,Mark 3,868,8
Ἁλφαίου,of Alphaeus,N-GMS,G256,Mark 3,869,8
Θαδδαῖον,Thaddaeus,N-AMS,G2280,Mark 3,870,8
Σίμωνα,Simon,N-AMS,G4613,Mark 3,871,8
Καναναῖον,Zealot,N-AMS,G2581,Mark 3,872,8
Ἰούδαν,Judas,N-AMS,G2455,Mark 3,873,8
Ἰσκαριώθ,Iscariot,N-AMS,G2469,Mark 3,874,8
ὃς,who,RelPro-NMS,G3739,Mark 3,875,8
παρέδωκεν,betrayed,V-AIA-3S,G3860,Mark 3,876,8
ἔρχεται,He comes,V-PIM/P-3S,G2064,Mark 3,877,8
οἶκον,a house,N-AMS,G3624,Mark 3,878,8
συνέρχεται,comes together,V-PIM/P-3S,G4905,Mark 3,879,8
ὄχλος,crowd,N-NMS,G3793,Mark 3,880,8
δύνασθαι,are they able,V-PNM/P,G1410,Mark 3,881,8
μηδὲ,even,Conj,G3366,Mark 3,882,8
ἄρτον,bread,N-AMS,G740,Mark 3,883,8
φαγεῖν,to eat,V-ANA,G5315,Mark 3,884,8
ἀκούσαντες,having heard of it,V-APA-NMP,G191,Mark 3,885,8
παρ,belonging to,Prep,G3844,Mark 3,886,8
ἐξῆλθον,went out,V-AIA-3P,G1831,Mark 3,887,8
κρατῆσαι,to seize,V-ANA,G2902,Mark 3,888,8
ἔλεγον,they were saying,V-IIA-3P,G2036,Mark 3,889,8
Ἐξέστη,He is out of His mind,V-AIA-3S,G1839,Mark 3,890,8
γραμματεῖς,scribes,N-NMP,G1122,Mark 3,891,8
καταβάντες,having come down,V-APA-NMP,G2597,Mark 3,892,8
Βεελζεβοὺλ,Beelzebul,N-AMS,G954,Mark 3,893,8
ἔχει,He has,V-PIA-3S,G2192,Mark 3,894,8
Ἐν,By,Prep,G1722,Mark 3,895,8
ἄρχοντι,prince,N-DMS,G758,Mark 3,896,8
τῶν,of the,Art-GNP,G3588,Mark 3,897,8
δαιμονίων,demons,N-GNP,G1140,Mark 3,898,8
ἐκβάλλει,He casts out,V-PIA-3S,G1544,Mark 3,899,8
προσκαλεσάμενος,having called to Him,V-APM-NMS,G4341,Mark 3,900,8
ἐν,in,Prep,G1722,Mark 3,901,8
παραβολαῖς,parables,N-DFP,G3850,Mark 3,902,8
ἔλεγεν,He began speaking,V-IIA-3S,G2036,Mark 3,903,8
Πῶς,How,Adv,G4459,Mark 3,904,8
δύναται,is able,V-PIM/P-3S,G1410,Mark 3,905,8
Σατανᾶς,Satan,N-NMS,G4567,Mark 3,906,8
Σατανᾶν,Satan,N-AMS,G4567,Mark 3,907,8
ἐὰν,if,Conj,G1437,Mark 3,908,8
βασιλεία,a kingdom,N-NFS,G932,Mark 3,909,8
ἐφ,against,Prep,G1909,Mark 3,910,8
ἑαυτὴν,itself,RefPro-AF3S,G1438,Mark 3,911,8
μερισθῇ,is divided,V-ASP-3S,G3307,Mark 3,912,8
οὐ,not,Adv,G3756,Mark 3,913,8
σταθῆναι,to stand,V-ANP,G2476,Mark 3,914,8
ἐκείνη,that,DPro-NFS,G1565,Mark 3,915,8
οἰκία,a house,N-NFS,G3614,Mark 3,916,8
δυνήσεται,will be able,V-FIM-3S,G1410,Mark 3,917,8
σταθῆναι,to stand,V-ANP,G2476,Mark 3,918,8
ἀνέστη,has risen up,V-AIA-3S,G450,Mark 3,919,8
ἑαυτὸν,himself,RefPro-AM3S,G1438,Mark 3,920,8
ἐμερίσθη,has been divided,V-AIP-3S,G3307,Mark 3,921,8
στῆναι,to stand,V-ANA,G2476,Mark 3,922,8
ἀλλὰ,but,Conj,G235,Mark 3,923,8
τέλος,an end,N-ANS,G5056,Mark 3,924,8
ἀλλ,But,Conj,G235,Mark 3,925,8
δύναται ,is able,V-PIM/P-3S,G1410,Mark 3,926,8
οὐδεὶς,no one,Adj-NMS,G3762,Mark 3,927,8
οἰκίαν,house,N-AFS,G3614,Mark 3,928,8
ἰσχυροῦ,strong man,Adj-GMS,G2478,Mark 3,929,8
εἰσελθὼν,having entered,V-APA-NMS,G1525,Mark 3,930,8
σκεύη,goods,N-ANP,G4632,Mark 3,931,8
διαρπάσαι,to plunder,V-ANA,G1283,Mark 3,932,8
πρῶτον,first,Adv-S,G4412,Mark 3,933,8
ἰσχυρὸν,strong man,Adj-AMS,G2478,Mark 3,934,8
δήσῃ,he binds,V-ASA-3S,G1210,Mark 3,935,8
τότε,then,Adv,G5119,Mark 3,936,8
διαρπάσει,he will plunder,V-FIA-3S,G1283,Mark 3,937,8
Ἀμὴν,Truly,Heb,G281,Mark 3,938,8
λέγω,I say,V-PIA-1S,G3004,Mark 3,939,8
ὑμῖν,to you,PPro-D2P,G4771,Mark 3,940,8
πάντα,all,Adj-NNP,G3956,Mark 3,941,8
ἀφεθήσεται,will be forgiven,V-FIP-3S,G863,Mark 3,942,8
υἱοῖς,sons,N-DMP,G5207,Mark 3,943,8
ἀνθρώπων,of men,N-GMP,G444,Mark 3,944,8
ἁμαρτήματα,sins,N-NNP,G265,Mark 3,945,8
αἱ,the,Art-NFP,G3588,Mark 3,946,8
βλασφημίαι,blasphemies,N-NFP,G988,Mark 3,947,8
βλασφημήσωσιν,they shall have blasphemed,V-ASA-3P,G987,Mark 3,948,8
δ,however,Conj,G1161,Mark 3,949,8
ἂν,-,Prtcl,G302,Mark 3,950,8
βλασφημήσῃ,shall blaspheme,V-ASA-3S,G987,Mark 3,951,8
Πνεῦμα,Spirit,N-ANS,G4151,Mark 3,952,8
Ἅγιον,Holy,Adj-ANS,G40,Mark 3,953,8
οὐκ,not,Adv,G3756,Mark 3,954,8
ἄφεσιν,forgiveness,N-AFS,G859,Mark 3,955,8
αἰῶνα,age,N-AMS,G165,Mark 3,956,8
ἔνοχός,guilty,Adj-NMS,G1777,Mark 3,957,8
αἰωνίου,of eternal,Adj-GNS,G166,Mark 3,958,8
ἁμαρτήματος,sin,N-GNS,G265,Mark 3,959,8
Ὅτι,For,Conj,G3754,Mark 3,960,8
ἀκάθαρτον,unclean,Adj-ANS,G169,Mark 3,961,8
ἔρχονται,arrive,V-PIM/P-3P,G2064,Mark 3,962,8
μήτηρ,mother,N-NFS,G3384,Mark 3,963,8
ἀδελφοὶ,brothers,N-NMP,G80,Mark 3,964,8
ἔξω,outside,Adv,G1854,Mark 3,965,8
στήκοντες,standing,V-PPA-NMP,G4739,Mark 3,966,8
ἀπέστειλαν,sent,V-AIA-3P,G649,Mark 3,967,8
καλοῦντες,calling,V-PPA-NMP,G2564,Mark 3,968,8
ἐκάθητο,was sitting,V-IIM/P-3S,G2521,Mark 3,969,8
λέγουσιν,they said,V-PIA-3P,G3004,Mark 3,970,8
Ἰδοὺ,Behold,V-AMA-2S,G2400,Mark 3,971,8
σου,of You,PPro-G2S,G4771,Mark 3,972,8
ἀδελφοί,brothers,N-NMP,G80,Mark 3,973,8
ἀδελφαί,sister,N-NFP,G79,Mark 3,974,8
ζητοῦσίν,are seeking,V-PIA-3P,G2212,Mark 3,975,8
σε,You,PPro-A2S,G4771,Mark 3,976,8
ἀποκριθεὶς,He answering,V-APP-NMS,G611,Mark 3,977,8
Τίς,Who,IPro-NFS,G5101,Mark 3,978,8
μου,of Me,PPro-G1S,G1473,Mark 3,979,8
μου,of Me,PPro-G1S,G1473,Mark 3,980,8
κύκλῳ,in a circle,Adv,G2945,Mark 3,981,8
καθημένους,were sitting,V-PPM/P-AMP,G2521,Mark 3,982,8
Ἴδε,Behold,V-AMA-2S,G2400,Mark 3,983,8
γὰρ,for,Conj,G1063,Mark 3,984,8
ποιήσῃ,shall do,V-ASA-3S,G4160,Mark 3,985,8
θέλημα,will,N-ANS,G2307,Mark 3,986,8
οὗτος,he,DPro-NMS,G3778,Mark 3,987,8
ἀδελφός,brother,N-NMS,G80,Mark 3,988,8
ἀδελφὴ,sister,N-NFS,G79,Mark 3,989,8
ἐστίν,is,V-PIA-3S,G1510,Mark 3,990,8
Καὶ,And,Conj,G2532,Mark 4,991,8
πάλιν,again,Adv,G3825,Mark 4,992,8
ἤρξατο,He began,V-AIM-3S,G756,Mark 4,993,8
διδάσκειν,to teach,V-PNA,G1321,Mark 4,994,8
παρὰ,beside,Prep,G3844,Mark 4,995,8
τὴν,the,Art-AFS,G3588,Mark 4,996,8
θάλασσαν,sea,N-AFS,G2281,Mark 4,997,8
καὶ,And,Conj,G2532,Mark 4,998,8
συνάγεται,was gathered together,V-PIM/P-3S,G4863,Mark 4,999,8
πρὸς,to,Prep,G4314,Mark 4,1000,8
αὐτὸν,Him,PPro-AM3S,G846,Mark 4,1001,8
ὄχλος,a crowd,N-NMS,G3793,Mark 4,1002,8
πλεῖστος,great,Adj-NMS-S,G4118,Mark 4,1003,8
ὥστε,so that,Conj,G5620,Mark 4,1004,8
εἰς,into,Prep,G1519,Mark 4,1005,8
πλοῖον,a boat,N-ANS,G4143,Mark 4,1006,8
ἐμβάντα,having entered,V-APA-AMS,G1684,Mark 4,1007,8
καθῆσθαι,sat,V-PNM/P,G2521,Mark 4,1008,8
ἐν,in,Prep,G1722,Mark 4,1009,8
τῇ,the,Art-DFS,G3588,Mark 4,1010,8
θαλάσσῃ,sea,N-DFS,G2281,Mark 4,1011,8
πᾶς,all,Adj-NMS,G3956,Mark 4,1012,8
ὁ,the,Art-NMS,G3588,Mark 4,1013,8
ἐπὶ,on,Prep,G1909,Mark 4,1014,8
τῆς,the,Art-GFS,G3588,Mark 4,1015,8
γῆς,land,N-GFS,G1093,Mark 4,1016,8
ἦσαν,was,V-IIA-3P,G1510,Mark 4,1017,8
ἐδίδασκεν,He began teaching,V-IIA-3S,G1321,Mark 4,1018,8
αὐτοὺς,them,PPro-AM3P,G846,Mark 4,1019,8
παραβολαῖς,parables,N-DFP,G3850,Mark 4,1020,8
πολλά,many things,Adj-ANP,G4183,Mark 4,1021,8
ἔλεγεν,He was saying,V-IIA-3S,G2036,Mark 4,1022,8
αὐτοῖς,to them,PPro-DM3P,G846,Mark 4,1023,8
διδαχῇ,teaching,N-DFS,G1322,Mark 4,1024,8
αὐτοῦ,of Him,PPro-GM3S,G846,Mark 4,1025,8
Ἀκούετε,Listen,V-PMA-2P,G191,Mark 4,1026,8
ἰδοὺ,Behold,V-AMA-2S,G2400,Mark 4,1027,8
ἐξῆλθεν,went out,V-AIA-3S,G1831,Mark 4,1028,8
σπείρων,sowing,V-PPA-NMS,G4687,Mark 4,1029,8
σπεῖραι,to sow,V-ANA,G4687,Mark 4,1030,8
ἐγένετο,it came to pass,V-AIM-3S,G1096,Mark 4,1031,8
τῷ,-,Art-DNS,G3588,Mark 4,1032,8
σπείρειν,he sowed,V-PNA,G4687,Mark 4,1033,8
ὃ,some,RelPro-NNS,G3739,Mark 4,1034,8
μὲν,-,Conj,G3303,Mark 4,1035,8
ἔπεσεν,fell,V-AIA-3S,G4098,Mark 4,1036,8
ὁδόν,road,N-AFS,G3598,Mark 4,1037,8
ἦλθεν,came,V-AIA-3S,G2064,Mark 4,1038,8
τὰ,the,Art-NNP,G3588,Mark 4,1039,8
πετεινὰ,birds,N-NNP,G4071,Mark 4,1040,8
κατέφαγεν,devoured,V-AIA-3S,G2719,Mark 4,1041,8
αὐτό,it,PPro-AN3S,G846,Mark 4,1042,8
ἄλλο,other,Adj-NNS,G243,Mark 4,1043,8
τὸ,the,Art-ANS,G3588,Mark 4,1044,8
πετρῶδες,rocky place,Adj-ANS,G4075,Mark 4,1045,8
καὶ,and,Conj,G2532,Mark 4,1046,8
ὅπου,where,Adv,G3699,Mark 4,1047,8
οὐκ,not,Adv,G3756,Mark 4,1048,8
εἶχεν,it had,V-IIA-3S,G2192,Mark 4,1049,8
γῆν,soil,N-AFS,G1093,Mark 4,1050,8
πολλήν,much,Adj-AFS,G4183,Mark 4,1051,8
εὐθὺς,immediately,Adv,G2112,Mark 4,1052,8
ἐξανέτειλεν,it sprang up,V-AIA-3S,G1816,Mark 4,1053,8
διὰ,because of,Prep,G1223,Mark 4,1054,8
μὴ,not,Adv,G3361,Mark 4,1055,8
ἔχειν,having,V-PNA,G2192,Mark 4,1056,8
βάθος,depth,N-ANS,G899,Mark 4,1057,8
ὅτε,after,Adv,G3753,Mark 4,1058,8
ἀνέτειλεν,rose,V-AIA-3S,G393,Mark 4,1059,8
ἥλιος,sun,N-NMS,G2246,Mark 4,1060,8
ἐκαυματίσθη,it was scorched,V-AIP-3S,G2739,Mark 4,1061,8
ῥίζαν,root,N-AFS,G4491,Mark 4,1062,8
ἐξηράνθη,it withered away,V-AIP-3S,G3583,Mark 4,1063,8
τὰς,the,Art-AFP,G3588,Mark 4,1064,8
ἀκάνθας,thorns,N-AFP,G173,Mark 4,1065,8
ἀνέβησαν,grew up,V-AIA-3P,G305,Mark 4,1066,8
αἱ,the,Art-NFP,G3588,Mark 4,1067,8
ἄκανθαι,thorns,N-NFP,G173,Mark 4,1068,8
συνέπνιξαν,choked,V-AIA-3P,G4846,Mark 4,1069,8
καρπὸν,fruit,N-AMS,G2590,Mark 4,1070,8
ἔδωκεν,it yielded,V-AIA-3S,G1325,Mark 4,1071,8
ἄλλα,other,Adj-NNP,G243,Mark 4,1072,8
καλήν,good,Adj-AFS,G2570,Mark 4,1073,8
ἐδίδου,began yielding,V-IIA-3S,G1325,Mark 4,1074,8
ἀναβαίνοντα,growing up,V-PPA-NNP,G305,Mark 4,1075,8
αὐξανόμενα,increasing,V-PPM/P-NNP,G837,Mark 4,1076,8
ἔφερεν,bearing,V-IIA-3S,G5342,Mark 4,1077,8
ἓν,one,Adj-NNS,G1520,Mark 4,1078,8
τριάκοντα,thirtyfold,Adj-ANP,G5144,Mark 4,1079,8
ἓν,one,Adj-NNS,G1520,Mark 4,1080,8
ἑξήκοντα,sixty,Adj-ANP,G1835,Mark 4,1081,8
ἑκατόν,a hundred,Adj-ANP,G1540,Mark 4,1082,8
Ὃς,He who,RelPro-NMS,G3739,Mark 4,1083,8
ἔχει,has,V-PIA-3S,G2192,Mark 4,1084,8
ὦτα,ears,N-ANP,G3775,Mark 4,1085,8
ἀκούειν,to hear,V-PNA,G191,Mark 4,1086,8
ἀκουέτω,let him hear,V-PMA-3S,G191,Mark 4,1087,8
κατὰ,with,Prep,G2596,Mark 4,1088,8
μόνας,alone,Adj-AFP,G3441,Mark 4,1089,8
ἠρώτων,began asking,V-IIA-3P,G2065,Mark 4,1090,8
οἱ,those,Art-NMP,G3588,Mark 4,1091,8
περὶ,around,Prep,G4012,Mark 4,1092,8
σὺν,with,Prep,G4862,Mark 4,1093,8
τοῖς,the,Art-DMP,G3588,Mark 4,1094,8
δώδεκα,Twelve,Adj-DMP,G1427,Mark 4,1095,8
παραβολάς,parable,N-AFP,G3850,Mark 4,1096,8
Ὑμῖν,To you,PPro-D2P,G4771,Mark 4,1097,8
τὸ,the,Art-NNS,G3588,Mark 4,1098,8
μυστήριον,mystery,N-NNS,G3466,Mark 4,1099,8
δέδοται,has been given,V-RIM/P-3S,G1325,Mark 4,1100,8
βασιλείας,kingdom,N-GFS,G932,Mark 4,1101,8
τοῦ,-,Art-GMS,G3588,Mark 4,1102,8
Θεοῦ,of God,N-GMS,G2316,Mark 4,1103,8
ἐκείνοις,To those,DPro-DMP,G1565,Mark 4,1104,8
δὲ,however,Conj,G1161,Mark 4,1105,8
ἔξω,outside,Adv,G1854,Mark 4,1106,8
πάντα,everything,Adj-NNP,G3956,Mark 4,1107,8
γίνεται,is done,V-PIM/P-3S,G1096,Mark 4,1108,8
ἵνα,so that,Conj,G2443,Mark 4,1109,8
Βλέποντες,Seeing,V-PPA-NMP,G991,Mark 4,1110,8
βλέπωσιν,they might see,V-PSA-3P,G991,Mark 4,1111,8
ἴδωσιν,perceive,V-ASA-3P,G3708,Mark 4,1112,8
ἀκούοντες,hearing,V-PPA-NMP,G191,Mark 4,1113,8
ἀκούωσιν,they might hear,V-PSA-3P,G191,Mark 4,1114,8
συνιῶσιν,understand,V-PSA-3P,G4920,Mark 4,1115,8
Μή,lest,Adv,G3361,Mark 4,1116,8
ποτε,ever,Conj,G4219,Mark 4,1117,8
ἐπιστρέψωσιν,they should turn,V-ASA-3P,G1994,Mark 4,1118,8
ἀφεθῇ,should be forgiven,V-ASP-3S,G863,Mark 4,1119,8
λέγει,He says,V-PIA-3S,G3004,Mark 4,1120,8
Οὐκ,Not,Adv,G3756,Mark 4,1121,8
οἴδατε,understand you,V-RIA-2P,G1492,Mark 4,1122,8
παραβολὴν,parable,N-AFS,G3850,Mark 4,1123,8
ταύτην,this,DPro-AFS,G3778,Mark 4,1124,8
πῶς,how,Adv,G4459,Mark 4,1125,8
πάσας,all,Adj-AFP,G3956,Mark 4,1126,8
παραβολὰς,parables,N-AFP,G3850,Mark 4,1127,8
γνώσεσθε,will you understand,V-FIM-2P,G1097,Mark 4,1128,8
Ὁ,The one,Art-NMS,G3588,Mark 4,1129,8
τὸν,the,Art-AMS,G3588,Mark 4,1130,8
λόγον,word,N-AMS,G3056,Mark 4,1131,8
σπείρει,sows,V-PIA-3S,G4687,Mark 4,1132,8
οὗτοι,These,DPro-NMP,G3778,Mark 4,1133,8
δέ,now,Conj,G1161,Mark 4,1134,8
εἰσιν,are,V-PIA-3P,G1510,Mark 4,1135,8
ὁδὸν,road,N-AFS,G3598,Mark 4,1136,8
σπείρεται,is sown,V-PIM/P-3S,G4687,Mark 4,1137,8
λόγος,word,N-NMS,G3056,Mark 4,1138,8
ὅταν,when,Conj,G3752,Mark 4,1139,8
ἀκούσωσιν,they hear,V-ASA-3P,G191,Mark 4,1140,8
ἔρχεται,comes,V-PIM/P-3S,G2064,Mark 4,1141,8
Σατανᾶς,Satan,N-NMS,G4567,Mark 4,1142,8
αἴρει,takes away,V-PIA-3S,G142,Mark 4,1143,8
ἐσπαρμένον,having been sown,V-RPM/P-AMS,G4687,Mark 4,1144,8
αὐτούς,them,PPro-AM3P,G846,Mark 4,1145,8
οὗτοί,these,DPro-NMP,G3778,Mark 4,1146,8
ὁμοίως,likewise,Adv,G3668,Mark 4,1147,8
τὰ,the,Art-ANP,G3588,Mark 4,1148,8
πετρώδη,rocky places,Adj-ANP,G4075,Mark 4,1149,8
σπειρόμενοι,sown,V-PPM/P-NMP,G4687,Mark 4,1150,8
οἳ,who,RelPro-NMP,G3739,Mark 4,1151,8
μετὰ,with,Prep,G3326,Mark 4,1152,8
χαρᾶς,joy,N-GFS,G5479,Mark 4,1153,8
λαμβάνουσιν,receive,V-PIA-3P,G2983,Mark 4,1154,8
αὐτόν,it,PPro-AM3S,G846,Mark 4,1155,8
ἔχουσιν,they have,V-PIA-3P,G2192,Mark 4,1156,8
ἑαυτοῖς,themselves,RefPro-DM3P,G1438,Mark 4,1157,8
ἀλλὰ,but,Conj,G235,Mark 4,1158,8
πρόσκαιροί,temporary,Adj-NMP,G4340,Mark 4,1159,8
εἶτα,then,Adv,G1534,Mark 4,1160,8
γενομένης,having arisen,V-APM-GFS,G1096,Mark 4,1161,8
θλίψεως,tribulation,N-GFS,G2347,Mark 4,1162,8
ἢ,or,Conj,G2228,Mark 4,1163,8
διωγμοῦ,persecution,N-GMS,G1375,Mark 4,1164,8
σκανδαλίζονται,they fall away,V-PIM/P-3P,G4624,Mark 4,1165,8
ἄλλοι,these,Adj-NMP,G243,Mark 4,1166,8
εἰσὶν,are,V-PIA-3P,G1510,Mark 4,1167,8
ἀκούσαντες,having heard,V-APA-NMP,G191,Mark 4,1168,8
μέριμναι,cares,N-NFP,G3308,Mark 4,1169,8
αἰῶνος,of this age,N-GMS,G165,Mark 4,1170,8
ἡ,the,Art-NFS,G3588,Mark 4,1171,8
ἀπάτη,deceit,N-NFS,G539,Mark 4,1172,8
πλούτου,riches,N-GMS,G4149,Mark 4,1173,8
λοιπὰ,other things,Adj-ANP,G3062,Mark 4,1174,8
ἐπιθυμίαι,desires,N-NFP,G1939,Mark 4,1175,8
εἰσπορευόμεναι,entering in,V-PPM/P-NFP,G1531,Mark 4,1176,8
συμπνίγουσιν,choke,V-PIA-3P,G4846,Mark 4,1177,8
ἄκαρπος,unfruitful,Adj-NMS,G175,Mark 4,1178,8
ἐκεῖνοί,these,DPro-NMP,G1565,Mark 4,1179,8
καλὴν,good,Adj-AFS,G2570,Mark 4,1180,8
σπαρέντες,having been sown,V-APP-NMP,G4687,Mark 4,1181,8
οἵτινες,such as,RelPro-NMP,G3748,Mark 4,1182,8
ἀκούουσιν,hear,V-PIA-3P,G191,Mark 4,1183,8
παραδέχονται,receive it,V-PIM/P-3P,G3858,Mark 4,1184,8
καρποφοροῦσιν,bring forth fruit,V-PIA-3P,G2592,Mark 4,1185,8
ὅτι,-,Conj,G3754,Mark 4,1186,8
Μήτι,Not,IntPrtcl,G3385,Mark 4,1187,8
λύχνος,lamp,N-NMS,G3088,Mark 4,1188,8
ὑπὸ,under,Prep,G5259,Mark 4,1189,8
μόδιον,basket,N-AMS,G3426,Mark 4,1190,8
τεθῇ,it might be put,V-ASP-3S,G5087,Mark 4,1191,8
κλίνην,bed,N-AFS,G2825,Mark 4,1192,8
οὐχ,Is it not,Adv,G3756,Mark 4,1193,8
λυχνίαν,lampstand,N-AFS,G3087,Mark 4,1194,8
οὐ,Nothing,Adv,G3756,Mark 4,1195,8
γάρ,for,Conj,G1063,Mark 4,1196,8
ἐστιν,there is,V-PIA-3S,G1510,Mark 4,1197,8
τι,which is,IPro-ANS,G5101,Mark 4,1198,8
κρυπτὸν,hidden,Adj-NNS,G2927,Mark 4,1199,8
ἐὰν,if,Conj,G1437,Mark 4,1200,8
φανερωθῇ,it should be made manifest,V-ASP-3S,G5319,Mark 4,1201,8
οὐδὲ,nor,Conj,G3761,Mark 4,1202,8
ἀπόκρυφον,a secret thing,Adj-NNS,G614,Mark 4,1203,8
ἀλλ,but,Conj,G235,Mark 4,1204,8
ἔλθῃ,it should come,V-ASA-3S,G2064,Mark 4,1205,8
φανερόν,light,Adj-ANS,G5318,Mark 4,1206,8
Εἴ,If,Conj,G1487,Mark 4,1207,8
τις,anyone,IPro-NMS,G5100,Mark 4,1208,8
Βλέπετε,Take heed,V-PMA-2P,G991,Mark 4,1209,8
τί,what,IPro-ANS,G5101,Mark 4,1210,8
ἀκούετε,you hear,V-PIA-2P,G191,Mark 4,1211,8
ᾧ,what,RelPro-DNS,G3739,Mark 4,1212,8
μέτρῳ,measure,N-DNS,G3358,Mark 4,1213,8
μετρεῖτε,you measure,V-PIA-2P,G3354,Mark 4,1214,8
μετρηθήσεται,it will be measured,V-FIP-3S,G3354,Mark 4,1215,8
ὑμῖν,to you,PPro-D2P,G4771,Mark 4,1216,8
προστεθήσεται,more will be added,V-FIP-3S,G4369,Mark 4,1217,8
ὃς,Whoever,RelPro-NMS,G3739,Mark 4,1218,8
γὰρ,for,Conj,G1063,Mark 4,1219,8
δοθήσεται,it will be given,V-FIP-3S,G1325,Mark 4,1220,8
αὐτῷ,to him,PPro-DM3S,G846,Mark 4,1221,8
ὃ,that which,RelPro-ANS,G3739,Mark 4,1222,8
ἀρθήσεται,will be taken away,V-FIP-3S,G142,Mark 4,1223,8
ἀπ,from,Prep,G575,Mark 4,1224,8
Οὕτως,Thus,Adv,G3779,Mark 4,1225,8
ἐστὶν,is,V-PIA-3S,G1510,Mark 4,1226,8
βασιλεία,kingdom,N-NFS,G932,Mark 4,1227,8
ὡς,as,Adv,G5613,Mark 4,1228,8
ἄνθρωπος,a man,N-NMS,G444,Mark 4,1229,8
βάλῃ,should cast,V-ASA-3S,G906,Mark 4,1230,8
σπόρον,seed,N-AMS,G4703,Mark 4,1231,8
καθεύδῃ,should sleep,V-PSA-3S,G2518,Mark 4,1232,8
ἐγείρηται,rise,V-PSM/P-3S,G1453,Mark 4,1233,8
νύκτα,night,N-AFS,G3571,Mark 4,1234,8
ἡμέραν,day,N-AFS,G2250,Mark 4,1235,8
σπόρος,seed,N-NMS,G4703,Mark 4,1236,8
βλαστᾷ,should sprout,V-PSA-3S,G985,Mark 4,1237,8
μηκύνηται,grow,V-PSM/P-3S,G3373,Mark 4,1238,8
οἶδεν,knows,V-RIA-3S,G1492,Mark 4,1239,8
αὐτός,he,PPro-NM3S,G846,Mark 4,1240,8
αὐτομάτη,Of itself,Adj-NFS,G844,Mark 4,1241,8
γῆ,earth,N-NFS,G1093,Mark 4,1242,8
καρποφορεῖ,brings forth fruit,V-PIA-3S,G2592,Mark 4,1243,8
πρῶτον,first,Adv-S,G4412,Mark 4,1244,8
χόρτον,a plant,N-AMS,G5528,Mark 4,1245,8
εἶτα,then,Adv,G1534,Mark 4,1246,8
στάχυν,an ear,N-AMS,G4719,Mark 4,1247,8
πλήρης,full,Adj-AMS,G4134,Mark 4,1248,8
σῖτον,grain,N-AMS,G4621,Mark 4,1249,8
τῷ,the,Art-DMS,G3588,Mark 4,1250,8
στάχυϊ,ear,N-DMS,G4719,Mark 4,1251,8
παραδοῖ,offers itself,V-ASA-3S,G3860,Mark 4,1252,8
καρπός,fruit,N-NMS,G2590,Mark 4,1253,8
ἀποστέλλει,he sends,V-PIA-3S,G649,Mark 4,1254,8
δρέπανον,sickle,N-ANS,G1407,Mark 4,1255,8
ὅτι,for,Conj,G3754,Mark 4,1256,8
παρέστηκεν,has come,V-RIA-3S,G3936,Mark 4,1257,8
θερισμός,harvest,N-NMS,G2326,Mark 4,1258,8
Πῶς,To what,Adv,G4459,Mark 4,1259,8
ὁμοιώσωμεν,shall we liken,V-ASA-1P,G3666,Mark 4,1260,8
βασιλείαν,kingdom,N-AFS,G932,Mark 4,1261,8
τίνι,what,IPro-DFS,G5101,Mark 4,1262,8
αὐτὴν,it,PPro-AF3S,G846,Mark 4,1263,8
παραβολῇ,parable,N-DFS,G3850,Mark 4,1264,8
θῶμεν,shall we present,V-ASA-1P,G5087,Mark 4,1265,8
κόκκῳ,to a grain,N-DMS,G2848,Mark 4,1266,8
σινάπεως,of mustard,N-GNS,G4615,Mark 4,1267,8
σπαρῇ,it has been sown,V-ASP-3S,G4687,Mark 4,1268,8
μικρότερον,smallest,Adj-NNS-C,G3398,Mark 4,1269,8
ὂν,is,V-PPA-NNS,G1510,Mark 4,1270,8
πάντων,of all,Adj-GNP,G3956,Mark 4,1271,8
τῶν,the,Art-GNP,G3588,Mark 4,1272,8
σπερμάτων,seeds,N-GNP,G4690,Mark 4,1273,8
ἀναβαίνει,it grows up,V-PIA-3S,G305,Mark 4,1274,8
μεῖζον,greater,Adj-NNS-C,G3173,Mark 4,1275,8
λαχάνων,garden plants,N-GNP,G3001,Mark 4,1276,8
ποιεῖ,it produces,V-PIA-3S,G4160,Mark 4,1277,8
κλάδους,branches,N-AMP,G2798,Mark 4,1278,8
μεγάλους,great,Adj-AMP,G3173,Mark 4,1279,8
δύνασθαι,are able,V-PNM/P,G1410,Mark 4,1280,8
σκιὰν,shadow,N-AFS,G4639,Mark 4,1281,8
αὐτοῦ,of it,PPro-GN3S,G846,Mark 4,1282,8
πετεινὰ,birds,N-ANP,G4071,Mark 4,1283,8
οὐρανοῦ,air,N-GMS,G3772,Mark 4,1284,8
κατασκηνοῦν,to perch,V-PNA,G2681,Mark 4,1285,8
τοιαύταις,with such,DPro-DFP,G5108,Mark 4,1286,8
πολλαῖς,many,Adj-DFP,G4183,Mark 4,1287,8
ἐλάλει,He kept speaking,V-IIA-3S,G2980,Mark 4,1288,8
καθὼς,as,Adv,G2531,Mark 4,1289,8
ἠδύναντο,they were able,V-IIM/P-3P,G1410,Mark 4,1290,8
χωρὶς,Without,Prep,G5565,Mark 4,1291,8
παραβολῆς,parables,N-GFS,G3850,Mark 4,1292,8
κατ,in,Prep,G2596,Mark 4,1293,8
ἰδίαν,private,Adj-AFS,G2398,Mark 4,1294,8
ἰδίοις,own,Adj-DMP,G2398,Mark 4,1295,8
μαθηταῖς,disciples,N-DMP,G3101,Mark 4,1296,8
ἐπέλυεν,He would explain,V-IIA-3S,G1956,Mark 4,1297,8
πάντα,all things,Adj-ANP,G3956,Mark 4,1298,8
ἐκείνῃ,that,DPro-DFS,G1565,Mark 4,1299,8
ἡμέρᾳ,day,N-DFS,G2250,Mark 4,1300,8
ὀψίας,evening,Adj-GFS,G3798,Mark 4,1301,8
Διέλθωμεν,Let us pass over,V-ASA-1P,G1330,Mark 4,1302,8
πέραν,other side,Adv,G4008,Mark 4,1303,8
ἀφέντες,having dismissed,V-APA-NMP,G863,Mark 4,1304,8
ὄχλον,crowd,N-AMS,G3793,Mark 4,1305,8
παραλαμβάνουσιν,they take with them,V-PIA-3P,G3880,Mark 4,1306,8
ἦν,He was,V-IIA-3S,G1510,Mark 4,1307,8
πλοίῳ,boat,N-DNS,G4143,Mark 4,1308,8
πλοῖα,boats,N-NNP,G4143,Mark 4,1309,8
μετ,with,Prep,G3326,Mark 4,1310,8
λαῖλαψ,a storm,N-NFS,G2978,Mark 4,1311,8
μεγάλη,violent,Adj-NFS,G3173,Mark 4,1312,8
ἀνέμου,of wind,N-GMS,G417,Mark 4,1313,8
κύματα,waves,N-NNP,G2949,Mark 4,1314,8
ἐπέβαλλεν,were breaking,V-IIA-3S,G1911,Mark 4,1315,8
ἤδη,already,Adv,G2235,Mark 4,1316,8
γεμίζεσθαι,is being filled up,V-PNM/P,G1072,Mark 4,1317,8
αὐτὸς,He,PPro-NM3S,G846,Mark 4,1318,8
πρύμνῃ,stern,N-DFS,G4403,Mark 4,1319,8
προσκεφάλαιον,cushion,N-ANS,G4344,Mark 4,1320,8
καθεύδων,sleeping,V-PPA-NMS,G2518,Mark 4,1321,8
ἐγείρουσιν,they awaken,V-PIA-3P,G1453,Mark 4,1322,8
λέγουσιν,say,V-PIA-3P,G3004,Mark 4,1323,8
Διδάσκαλε,Teacher,N-VMS,G1320,Mark 4,1324,8
μέλει,is it concern,V-PIA-3S,G3199,Mark 4,1325,8
σοι,to You,PPro-D2S,G4771,Mark 4,1326,8
ἀπολλύμεθα,we perish,V-PIM-1P,G622,Mark 4,1327,8
διεγερθεὶς,having been awoken,V-APP-NMS,G1326,Mark 4,1328,8
ἐπετίμησεν,He rebuked,V-AIA-3S,G2008,Mark 4,1329,8
ἀνέμῳ,wind,N-DMS,G417,Mark 4,1330,8
εἶπεν,said,V-AIA-3S,G2036,Mark 4,1331,8
Σιώπα,Silence,V-PMA-2S,G4623,Mark 4,1332,8
πεφίμωσο,be still,V-RMM/P-2S,G5392,Mark 4,1333,8
ἐκόπασεν,abated,V-AIA-3S,G2869,Mark 4,1334,8
ἄνεμος,wind,N-NMS,G417,Mark 4,1335,8
γαλήνη,a calm,N-NFS,G1055,Mark 4,1336,8
Τί,Why,IPro-ANS,G5101,Mark 4,1337,8
δειλοί,fearful,Adj-NMP,G1169,Mark 4,1338,8
ἐστε,are you,V-PIA-2P,G1510,Mark 4,1339,8
οὔπω,Still not,Adv,G3768,Mark 4,1340,8
ἔχετε,have you,V-PIA-2P,G2192,Mark 4,1341,8
πίστιν,faith,N-AFS,G4102,Mark 4,1342,8
ἐφοβήθησαν,they feared,V-AIP-3P,G5399,Mark 4,1343,8
φόβον,with fear,N-AMS,G5401,Mark 4,1344,8
μέγαν,great,Adj-AMS,G3173,Mark 4,1345,8
ἔλεγον,were saying,V-IIA-3P,G2036,Mark 4,1346,8
ἀλλήλους,each other,RecPro-AMP,G240,Mark 4,1347,8
Τίς,Who,IPro-NMS,G5101,Mark 4,1348,8
ἄρα,then,Conj,G686,Mark 4,1349,8
οὗτός,this,DPro-NMS,G3778,Mark 4,1350,8
θάλασσα,sea,N-NFS,G2281,Mark 4,1351,8
ὑπακούει,obey,V-PIA-3S,G5219,Mark 4,1352,8
Καὶ,And,Conj,G2532,Mark 5,1353,8
ἦλθον,they came,V-AIA-3P,G2064,Mark 5,1354,8
εἰς,to,Prep,G1519,Mark 5,1355,8
τὸ,the,Art-ANS,G3588,Mark 5,1356,8
πέραν,other side,Adv,G4008,Mark 5,1357,8
τῆς,of the,Art-GFS,G3588,Mark 5,1358,8
θαλάσσης,sea,N-GFS,G2281,Mark 5,1359,8
τὴν,the,Art-AFS,G3588,Mark 5,1360,8
χώραν,region,N-AFS,G5561,Mark 5,1361,8
τῶν,of the,Art-GMP,G3588,Mark 5,1362,8
Γερασηνῶν,Gerasenes,N-GMP,G1086,Mark 5,1363,8
καὶ,And,Conj,G2532,Mark 5,1364,8
ἐξελθόντος,having gone forth,V-APA-GMS,G1831,Mark 5,1365,8
αὐτοῦ,of Him,PPro-GM3S,G846,Mark 5,1366,8
ἐκ,out of,Prep,G1537,Mark 5,1367,8
τοῦ,the,Art-GNS,G3588,Mark 5,1368,8
πλοίου,boat,N-GNS,G4143,Mark 5,1369,8
εὐθὺς,immediately,Adv,G2112,Mark 5,1370,8
ὑπήντησεν,met,V-AIA-3S,G5221,Mark 5,1371,8
αὐτῷ,Him,PPro-DM3S,G846,Mark 5,1372,8
τῶν,the,Art-GNP,G3588,Mark 5,1373,8
μνημείων,tombs,N-GNP,G3419,Mark 5,1374,8
ἄνθρωπος,a man,N-NMS,G444,Mark 5,1375,8
ἐν,with,Prep,G1722,Mark 5,1376,8
πνεύματι,a spirit,N-DNS,G4151,Mark 5,1377,8
ἀκαθάρτῳ,unclean,Adj-DNS,G169,Mark 5,1378,8
ὃς,who,RelPro-NMS,G3739,Mark 5,1379,8
κατοίκησιν,dwelling,N-AFS,G2731,Mark 5,1380,8
εἶχεν,had,V-IIA-3S,G2192,Mark 5,1381,8
τοῖς,the,Art-DNP,G3588,Mark 5,1382,8
μνήμασιν,tombs,N-DNP,G3418,Mark 5,1383,8
οὐδὲ,not even,Adv,G3761,Mark 5,1384,8
ἁλύσει,with chains,N-DFS,G254,Mark 5,1385,8
οὐκέτι,no longer,Adv,G3765,Mark 5,1386,8
οὐδεὶς,anyone,Adj-NMS,G3762,Mark 5,1387,8
ἐδύνατο,was able,V-IIM/P-3S,G1410,Mark 5,1388,8
αὐτὸν,him,PPro-AM3S,G846,Mark 5,1389,8
δῆσαι,to bind,V-ANA,G1210,Mark 5,1390,8
διὰ,because,Prep,G1223,Mark 5,1391,8
πολλάκις,often,Adv,G4178,Mark 5,1392,8
πέδαις,with shackles,N-DFP,G3976,Mark 5,1393,8
ἁλύσεσιν,chains,N-DFP,G254,Mark 5,1394,8
δεδέσθαι,had been bound,V-RNM/P,G1210,Mark 5,1395,8
διεσπάσθαι,had been torn in two,V-RNM/P,G1288,Mark 5,1396,8
ὑπ,by,Prep,G5259,Mark 5,1397,8
τὰς,the,Art-AFP,G3588,Mark 5,1398,8
ἁλύσεις,chains,N-AFP,G254,Mark 5,1399,8
πέδας,shackles,N-AFP,G3976,Mark 5,1400,8
συντετρῖφθαι,had been shattered,V-RNM/P,G4937,Mark 5,1401,8
ἴσχυεν,was able,V-IIA-3S,G2480,Mark 5,1402,8
δαμάσαι,to subdue,V-ANA,G1150,Mark 5,1403,8
παντὸς,all,Adj-GMS,G3956,Mark 5,1404,8
νυκτὸς,night,N-GFS,G3571,Mark 5,1405,8
ἡμέρας,day,N-GFS,G2250,Mark 5,1406,8
ὄρεσιν,mountains,N-DNP,G3735,Mark 5,1407,8
ἦν,he was,V-IIA-3S,G1510,Mark 5,1408,8
κράζων,crying out,V-PPA-NMS,G2896,Mark 5,1409,8
κατακόπτων,cutting,V-PPA-NMS,G2629,Mark 5,1410,8
ἑαυτὸν,himself,RefPro-AM3S,G1438,Mark 5,1411,8
λίθοις,with stones,N-DMP,G3037,Mark 5,1412,8
ἰδὼν,having seen,V-APA-NMS,G3708,Mark 5,1413,8
τὸν,-,Art-AMS,G3588,Mark 5,1414,8
Ἰησοῦν,Jesus,N-AMS,G2424,Mark 5,1415,8
ἀπὸ,from,Prep,G575,Mark 5,1416,8
μακρόθεν,afar,Adv,G3113,Mark 5,1417,8
ἔδραμεν,he ran,V-AIA-3S,G5143,Mark 5,1418,8
προσεκύνησεν,fell on his knees,V-AIA-3S,G4352,Mark 5,1419,8
αὐτόν,before Him,PPro-AM3S,G846,Mark 5,1420,8
κράξας,having cried,V-APA-NMS,G2896,Mark 5,1421,8
φωνῇ,in a voice,N-DFS,G5456,Mark 5,1422,8
μεγάλῃ,loud,Adj-DFS,G3173,Mark 5,1423,8
λέγει,he said,V-PIA-3S,G3004,Mark 5,1424,8
Τί,What,IPro-NNS,G5101,Mark 5,1425,8
ἐμοὶ,to me,PPro-D1S,G1473,Mark 5,1426,8
σοί,to You,PPro-D2S,G4771,Mark 5,1427,8
Ἰησοῦ,Jesus,N-VMS,G2424,Mark 5,1428,8
Υἱὲ,Son,N-VMS,G5207,Mark 5,1429,8
τοῦ,-,Art-GMS,G3588,Mark 5,1430,8
Θεοῦ,of God,N-GMS,G2316,Mark 5,1431,8
Ὑψίστου,Most High,Adj-GMS-S,G5310,Mark 5,1432,8
ὁρκίζω,I adjure,V-PIA-1S,G3726,Mark 5,1433,8
σε,You,PPro-A2S,G4771,Mark 5,1434,8
Θεόν,by God,N-AMS,G2316,Mark 5,1435,8
μή,not,Adv,G3361,Mark 5,1436,8
με,me,PPro-A1S,G1473,Mark 5,1437,8
βασανίσῃς,torment,V-ASA-2S,G928,Mark 5,1438,8
ἔλεγεν,He was saying,V-IIA-3S,G2036,Mark 5,1439,8
γὰρ,for,Conj,G1063,Mark 5,1440,8
αὐτῷ,to him,PPro-DN3S,G846,Mark 5,1441,8
Ἔξελθε,You come forth,V-AMA-2S,G1831,Mark 5,1442,8
τὸ,the,Art-VNS,G3588,Mark 5,1443,8
πνεῦμα,spirit,N-VNS,G4151,Mark 5,1444,8
ἀκάθαρτον,unclean,Adj-VNS,G169,Mark 5,1445,8
ἀνθρώπου,man,N-GMS,G444,Mark 5,1446,8
ἐπηρώτα,He was asking,V-IIA-3S,G1905,Mark 5,1447,8
ὄνομά,the name,N-NNS,G3686,Mark 5,1448,8
σοι,of you,PPro-D2S,G4771,Mark 5,1449,8
Λεγιὼν,Legion,N-NFS,G3003,Mark 5,1450,8
μοι,to Me,PPro-D1S,G1473,Mark 5,1451,8
ὅτι,because,Conj,G3754,Mark 5,1452,8
πολλοί,many,Adj-NMP,G4183,Mark 5,1453,8
ἐσμεν,we are,V-PIA-1P,G1510,Mark 5,1454,8
παρεκάλει,he begged,V-IIA-3S,G3870,Mark 5,1455,8
πολλὰ,numerous times,Adj-ANP,G4183,Mark 5,1456,8
ἵνα,that,Conj,G2443,Mark 5,1457,8
μὴ,not,Adv,G3361,Mark 5,1458,8
αὐτὰ,them,PPro-AN3P,G846,Mark 5,1459,8
ἀποστείλῃ,He would send,V-ASA-3S,G649,Mark 5,1460,8
ἔξω,out of,Prep,G1854,Mark 5,1461,8
χώρας,country,N-GFS,G5561,Mark 5,1462,8
Ἦν,There was,V-IIA-3S,G1510,Mark 5,1463,8
δὲ,now,Conj,G1161,Mark 5,1464,8
ἐκεῖ,there,Adv,G1563,Mark 5,1465,8
πρὸς,near,Prep,G4314,Mark 5,1466,8
τῷ,the,Art-DNS,G3588,Mark 5,1467,8
ὄρει,mountain,N-DNS,G3735,Mark 5,1468,8
ἀγέλη,a herd,N-NFS,G34,Mark 5,1469,8
χοίρων,of pigs,N-GMP,G5519,Mark 5,1470,8
μεγάλη,great,Adj-NFS,G3173,Mark 5,1471,8
βοσκομένη,feeding,V-PPM/P-NFS,G1006,Mark 5,1472,8
παρεκάλεσαν,they begged,V-AIA-3P,G3870,Mark 5,1473,8
λέγοντες,saying,V-PPA-NMP,G3004,Mark 5,1474,8
Πέμψον,Send,V-AMA-2S,G3992,Mark 5,1475,8
ἡμᾶς,us,PPro-A1P,G1473,Mark 5,1476,8
τοὺς,the,Art-AMP,G3588,Mark 5,1477,8
χοίρους,pigs,N-AMP,G5519,Mark 5,1478,8
αὐτοὺς,them,PPro-AM3P,G846,Mark 5,1479,8
εἰσέλθωμεν,we may enter,V-ASA-1P,G1525,Mark 5,1480,8
ἐπέτρεψεν,He allowed,V-AIA-3S,G2010,Mark 5,1481,8
αὐτοῖς,them,PPro-DN3P,G846,Mark 5,1482,8
ἐξελθόντα,having gone out,V-APA-NNP,G1831,Mark 5,1483,8
τὰ,the,Art-NNP,G3588,Mark 5,1484,8
πνεύματα,spirits,N-NNP,G4151,Mark 5,1485,8
ἀκάθαρτα,unclean,Adj-NNP,G169,Mark 5,1486,8
εἰσῆλθον,entered,V-AIA-3P,G1525,Mark 5,1487,8
ὥρμησεν,rushed,V-AIA-3S,G3729,Mark 5,1488,8
ἡ,the,Art-NFS,G3588,Mark 5,1489,8
κατὰ,down,Prep,G2596,Mark 5,1490,8
κρημνοῦ,steep bank,N-GMS,G2911,Mark 5,1491,8
θάλασσαν,sea,N-AFS,G2281,Mark 5,1492,8
ὡς,about,Adv,G5613,Mark 5,1493,8
δισχίλιοι,two thousand,Adj-NMP,G1367,Mark 5,1494,8
ἐπνίγοντο,they were drowned,V-IIM/P-3P,G4155,Mark 5,1495,8
τῇ,the,Art-DFS,G3588,Mark 5,1496,8
θαλάσσῃ,sea,N-DFS,G2281,Mark 5,1497,8
οἱ,those,Art-NMP,G3588,Mark 5,1498,8
βόσκοντες,feeding,V-PPA-NMP,G1006,Mark 5,1499,8
ἔφυγον,fled,V-AIA-3P,G5343,Mark 5,1500,8
ἀπήγγειλαν,proclaimed it,V-AIA-3P,G518,Mark 5,1501,8
πόλιν,city,N-AFS,G4172,Mark 5,1502,8
ἀγρούς,country,N-AMP,G68,Mark 5,1503,8
ἰδεῖν,to see,V-ANA,G3708,Mark 5,1504,8
τί,what,IPro-NNS,G5101,Mark 5,1505,8
ἐστιν,it is,V-PIA-3S,G1510,Mark 5,1506,8
τὸ,that,Art-NNS,G3588,Mark 5,1507,8
γεγονός,has been done,V-RPA-NNS,G1096,Mark 5,1508,8
ἔρχονται,they come,V-PIM/P-3P,G2064,Mark 5,1509,8
θεωροῦσιν,see,V-PIA-3P,G2334,Mark 5,1510,8
δαιμονιζόμενον,possessed by demons,V-PPM/P-AMS,G1139,Mark 5,1511,8
καθήμενον,sitting,V-PPM/P-AMS,G2521,Mark 5,1512,8
ἱματισμένον,clothed,V-RPM/P-AMS,G2439,Mark 5,1513,8
σωφρονοῦντα,sound minded,V-PPA-AMS,G4993,Mark 5,1514,8
ἐσχηκότα,having had,V-RPA-AMS,G2192,Mark 5,1515,8
λεγιῶνα,legion,N-AMS,G3003,Mark 5,1516,8
ἐφοβήθησαν,they were afraid,V-AIP-3P,G5399,Mark 5,1517,8
διηγήσαντο,related,V-AIM-3P,G1334,Mark 5,1518,8
αὐτοῖς,to them,PPro-DM3P,G846,Mark 5,1519,8
ἰδόντες,having seen it,V-APA-NMP,G3708,Mark 5,1520,8
πῶς,how,Adv,G4459,Mark 5,1521,8
ἐγένετο,it happened,V-AIM-3S,G1096,Mark 5,1522,8
τῷ,to the one,Art-DMS,G3588,Mark 5,1523,8
δαιμονιζομένῳ,being possessed by demons,V-PPM/P-DMS,G1139,Mark 5,1524,8
περὶ,concerning,Prep,G4012,Mark 5,1525,8
ἤρξαντο,they began,V-AIM-3P,G756,Mark 5,1526,8
παρακαλεῖν,to implore,V-PNA,G3870,Mark 5,1527,8
ἀπελθεῖν,to depart,V-ANA,G565,Mark 5,1528,8
ὁρίων,region,N-GNP,G3725,Mark 5,1529,8
αὐτῶν,of them,PPro-GM3P,G846,Mark 5,1530,8
ἐμβαίνοντος,having entered,V-PPA-GMS,G1684,Mark 5,1531,8
πλοῖον,boat,N-ANS,G4143,Mark 5,1532,8
ὁ,the one,Art-NMS,G3588,Mark 5,1533,8
δαιμονισθεὶς,having been possessed by demons,V-APP-NMS,G1139,Mark 5,1534,8
μετ,with,Prep,G3326,Mark 5,1535,8
ᾖ,he might be,V-PSA-3S,G1510,Mark 5,1536,8
οὐκ,not,Adv,G3756,Mark 5,1537,8
ἀφῆκεν,He did permit,V-AIA-3S,G863,Mark 5,1538,8
ἀλλὰ,but,Conj,G235,Mark 5,1539,8
Ὕπαγε,Go,V-PMA-2S,G5217,Mark 5,1540,8
οἶκόν,home,N-AMS,G3624,Mark 5,1541,8
σου,of you,PPro-G2S,G4771,Mark 5,1542,8
σούς,your own,PPro-AM2P,G4674,Mark 5,1543,8
ἀπάγγειλον,report,V-AMA-2S,G518,Mark 5,1544,8
ὅσα,how much,RelPro-ANP,G3745,Mark 5,1545,8
Κύριός,Lord,N-NMS,G2962,Mark 5,1546,8
πεποίηκεν,did,V-RIA-3S,G4160,Mark 5,1547,8
ἠλέησέν,had mercy on,V-AIA-3S,G1653,Mark 5,1548,8
ἀπῆλθεν,he departed,V-AIA-3S,G565,Mark 5,1549,8
ἤρξατο,began,V-AIM-3S,G756,Mark 5,1550,8
κηρύσσειν,to proclaim,V-PNA,G2784,Mark 5,1551,8
Δεκαπόλει,Decapolis,N-DFS,G1179,Mark 5,1552,8
ἐποίησεν,had done,V-AIA-3S,G4160,Mark 5,1553,8
Ἰησοῦς,Jesus,N-NMS,G2424,Mark 5,1554,8
πάντες,all,Adj-NMP,G3956,Mark 5,1555,8
ἐθαύμαζον,were marveling,V-IIA-3P,G2296,Mark 5,1556,8
διαπεράσαντος,having passed over,V-APA-GMS,G1276,Mark 5,1557,8
Ἰησοῦ,Jesus,N-GMS,G2424,Mark 5,1558,8
πλοίῳ,boat,N-DNS,G4143,Mark 5,1559,8
πάλιν,again,Adv,G3825,Mark 5,1560,8
συνήχθη,was gathered,V-AIP-3S,G4863,Mark 5,1561,8
ὄχλος,a crowd,N-NMS,G3793,Mark 5,1562,8
πολὺς,great,Adj-NMS,G4183,Mark 5,1563,8
ἐπ,to,Prep,G1909,Mark 5,1564,8
παρὰ,beside,Prep,G3844,Mark 5,1565,8
ἔρχεται,comes,V-PIM/P-3S,G2064,Mark 5,1566,8
εἷς,one,Adj-NMS,G1520,Mark 5,1567,8
ἀρχισυναγώγων,synagogue rulers,N-GMP,G752,Mark 5,1568,8
ὀνόματι,named,N-DNS,G3686,Mark 5,1569,8
Ἰάϊρος,Jairus,N-NMS,G2383,Mark 5,1570,8
πίπτει,falls,V-PIA-3S,G4098,Mark 5,1571,8
πόδας,feet,N-AMP,G4228,Mark 5,1572,8
παρακαλεῖ,he begs,V-PIA-3S,G3870,Mark 5,1573,8
λέγων,saying,V-PPA-NMS,G3004,Mark 5,1574,8
Τὸ,The,Art-NNS,G3588,Mark 5,1575,8
θυγάτριόν,little daughter,N-NNS,G2365,Mark 5,1576,8
μου,of me,PPro-G1S,G1473,Mark 5,1577,8
ἐσχάτως,at the end,Adv,G2079,Mark 5,1578,8
ἔχει,is holding,V-PIA-3S,G2192,Mark 5,1579,8
ἐλθὼν,having come,V-APA-NMS,G2064,Mark 5,1580,8
ἐπιθῇς,You would lay,V-ASA-2S,G2007,Mark 5,1581,8
χεῖρας,hands,N-AFP,G5495,Mark 5,1582,8
αὐτῇ,on her,PPro-DF3S,G846,Mark 5,1583,8
σωθῇ,she might be cured,V-ASP-3S,G4982,Mark 5,1584,8
ζήσῃ,she shall live,V-ASA-3S,G2198,Mark 5,1585,8
ἠκολούθει,was following,V-IIA-3S,G190,Mark 5,1586,8
πολύς,great,Adj-NMS,G4183,Mark 5,1587,8
συνέθλιβον,pressing in on,V-IIA-3P,G4918,Mark 5,1588,8
γυνὴ,a woman,N-NFS,G1135,Mark 5,1589,8
οὖσα,being,V-PPA-NFS,G1510,Mark 5,1590,8
ῥύσει,a flux,N-DFS,G4511,Mark 5,1591,8
αἵματος,of blood,N-GNS,G129,Mark 5,1592,8
δώδεκα,twelve,Adj-ANP,G1427,Mark 5,1593,8
ἔτη,years,N-ANP,G2094,Mark 5,1594,8
παθοῦσα,having suffered,V-APA-NFS,G3958,Mark 5,1595,8
ὑπὸ,under,Prep,G5259,Mark 5,1596,8
πολλῶν,many,Adj-GMP,G4183,Mark 5,1597,8
ἰατρῶν,physicians,N-GMP,G2395,Mark 5,1598,8
δαπανήσασα,having spent,V-APA-NFS,G1159,Mark 5,1599,8
τὰ,the,Art-ANP,G3588,Mark 5,1600,8
παρ,of,Prep,G3844,Mark 5,1601,8
αὐτῆς,her,PPro-GF3S,G846,Mark 5,1602,8
πάντα,all,Adj-ANP,G3956,Mark 5,1603,8
μηδὲν,in no way,Adj-ANS,G3367,Mark 5,1604,8
ὠφεληθεῖσα,having benefited,V-APP-NFS,G5623,Mark 5,1605,8
μᾶλλον,rather,Adv,G3123,Mark 5,1606,8
χεῖρον,worse,Adj-ANS-C,G5501,Mark 5,1607,8
ἐλθοῦσα,having come,V-APA-NFS,G2064,Mark 5,1608,8
ἀκούσασα,having heard,V-APA-NFS,G191,Mark 5,1609,8
τὰ,-,Art-NNP,G3588,Mark 5,1610,8
ὄχλῳ,crowd,N-DMS,G3793,Mark 5,1611,8
ὄπισθεν,behind,Adv,G3693,Mark 5,1612,8
ἥψατο,she touched,V-AIM-3S,G680,Mark 5,1613,8
ἱματίου,clothing,N-GNS,G2440,Mark 5,1614,8
Ἐὰν,If,Conj,G1437,Mark 5,1615,8
ἅψωμαι,I shall touch,V-ASM-1S,G680,Mark 5,1616,8
κἂν,even,Adv,G2579,Mark 5,1617,8
ἱματίων,garments,N-GNP,G2440,Mark 5,1618,8
σωθήσομαι,I will be healed,V-FIP-1S,G4982,Mark 5,1619,8
ἐξηράνθη,was dried up,V-AIP-3S,G3583,Mark 5,1620,8
πηγὴ,flow,N-NFS,G4077,Mark 5,1621,8
ἔγνω,she knew,V-AIA-3S,G1097,Mark 5,1622,8
σώματι,body,N-DNS,G4983,Mark 5,1623,8
ἴαται,she was healed,V-RIM/P-3S,G2390,Mark 5,1624,8
μάστιγος,affliction,N-GFS,G3148,Mark 5,1625,8
ἐπιγνοὺς,having known,V-APA-NMS,G1921,Mark 5,1626,8
ἑαυτῷ,Himself,RefPro-DM3S,G1438,Mark 5,1627,8
ἐξ,out of,Prep,G1537,Mark 5,1628,8
δύναμιν,power,N-AFS,G1411,Mark 5,1629,8
ἐξελθοῦσαν,having gone forth,V-APA-AFS,G1831,Mark 5,1630,8
ἐπιστραφεὶς,having turned,V-APP-NMS,G1994,Mark 5,1631,8
Τίς,Who,IPro-NMS,G5101,Mark 5,1632,8
ἔλεγον,were saying,V-IIA-3P,G2036,Mark 5,1633,8
μαθηταὶ,disciples,N-NMP,G3101,Mark 5,1634,8
Βλέπεις,You see,V-PIA-2S,G991,Mark 5,1635,8
ὄχλον,crowd,N-AMS,G3793,Mark 5,1636,8
συνθλίβοντά,pressing in on,V-PPA-AMS,G4918,Mark 5,1637,8
λέγεις,say You,V-PIA-2S,G3004,Mark 5,1638,8
περιεβλέπετο,He was looking around,V-IIM-3S,G4017,Mark 5,1639,8
τοῦτο,this,DPro-ANS,G3778,Mark 5,1640,8
ποιήσασαν,having done,V-APA-AFS,G4160,Mark 5,1641,8
φοβηθεῖσα,having been frightened,V-APP-NFS,G5399,Mark 5,1642,8
τρέμουσα,trembling,V-PPA-NFS,G5141,Mark 5,1643,8
εἰδυῖα,knowing,V-RPA-NFS,G1492,Mark 5,1644,8
ὃ,what,RelPro-NNS,G3739,Mark 5,1645,8
γέγονεν,had been done,V-RIA-3S,G1096,Mark 5,1646,8
ἦλθεν,came,V-AIA-3S,G2064,Mark 5,1647,8
προσέπεσεν,fell down before,V-AIA-3S,G4363,Mark 5,1648,8
εἶπεν,told,V-AIA-3S,G2036,Mark 5,1649,8
πᾶσαν,all,Adj-AFS,G3956,Mark 5,1650,8
ἀλήθειαν,truth,N-AFS,G225,Mark 5,1651,8
Ὁ,-,Art-NMS,G3588,Mark 5,1652,8
Θυγάτηρ,Daughter,N-NFS,G2364,Mark 5,1653,8
πίστις,faith,N-NFS,G4102,Mark 5,1654,8
σέσωκέν,has healed,V-RIA-3S,G4982,Mark 5,1655,8
ὕπαγε,go,V-PMA-2S,G5217,Mark 5,1656,8
εἰρήνην,peace,N-AFS,G1515,Mark 5,1657,8
ἴσθι,be,V-PMA-2S,G1510,Mark 5,1658,8
ὑγιὴς,sound,Adj-NFS,G5199,Mark 5,1659,8
μάστιγός,affliction,N-GFS,G3148,Mark 5,1660,8
Ἔτι,While yet,Adv,G2089,Mark 5,1661,8
λαλοῦντος,is speaking,V-PPA-GMS,G2980,Mark 5,1662,8
ἀρχισυναγώγου,ruler of synagogue’s house,N-GMS,G752,Mark 5,1663,8
Ἡ,The,Art-NFS,G3588,Mark 5,1664,8
θυγάτηρ,daughter,N-NFS,G2364,Mark 5,1665,8
ἀπέθανεν,is dead,V-AIA-3S,G599,Mark 5,1666,8
τί,why,IPro-ANS,G5101,Mark 5,1667,8
ἔτι,still,Adv,G2089,Mark 5,1668,8
σκύλλεις,trouble you,V-PIA-2S,G4660,Mark 5,1669,8
διδάσκαλον,Teacher,N-AMS,G1320,Mark 5,1670,8
παρακούσας,having heard,V-APA-NMS,G3878,Mark 5,1671,8
λόγον,word,N-AMS,G3056,Mark 5,1672,8
λαλούμενον,spoken,V-PPM/P-AMS,G2980,Mark 5,1673,8
ἀρχισυναγώγῳ,ruler of the synagogue,N-DMS,G752,Mark 5,1674,8
Μὴ,Not,Adv,G3361,Mark 5,1675,8
φοβοῦ,fear,V-PMM/P-2S,G5399,Mark 5,1676,8
μόνον,only,Adv,G3440,Mark 5,1677,8
πίστευε,believe,V-PMA-2S,G4100,Mark 5,1678,8
οὐδένα,no one,Adj-AMS,G3762,Mark 5,1679,8
συνακολουθῆσαι,to follow,V-ANA,G4870,Mark 5,1680,8
εἰ,if,Conj,G1487,Mark 5,1681,8
Πέτρον,Peter,N-AMS,G4074,Mark 5,1682,8
Ἰάκωβον,James,N-AMS,G2385,Mark 5,1683,8
Ἰωάννην,John,N-AMS,G2491,Mark 5,1684,8
ἀδελφὸν,brother,N-AMS,G80,Mark 5,1685,8
Ἰακώβου,of James,N-GMS,G2385,Mark 5,1686,8
οἶκον,house,N-AMS,G3624,Mark 5,1687,8
θεωρεῖ,He beholds,V-PIA-3S,G2334,Mark 5,1688,8
θόρυβον,a commotion,N-AMS,G2351,Mark 5,1689,8
κλαίοντας,weeping,V-PPA-AMP,G2799,Mark 5,1690,8
ἀλαλάζοντας,wailing,V-PPA-AMP,G214,Mark 5,1691,8
πολλά,much,Adj-ANP,G4183,Mark 5,1692,8
εἰσελθὼν,having entered,V-APA-NMS,G1525,Mark 5,1693,8
Τί,Why,IPro-ANS,G5101,Mark 5,1694,8
θορυβεῖσθε,make you commotion,V-PIM/P-2P,G2350,Mark 5,1695,8
κλαίετε,weep,V-PIA-2P,G2799,Mark 5,1696,8
παιδίον,child,N-NNS,G3813,Mark 5,1697,8
καθεύδει,sleeps,V-PIA-3S,G2518,Mark 5,1698,8
κατεγέλων,they were laughing at,V-IIA-3P,G2606,Mark 5,1699,8
Αὐτὸς,He,PPro-NM3S,G846,Mark 5,1700,8
ἐκβαλὼν,having put out,V-APA-NMS,G1544,Mark 5,1701,8
πάντας,all,Adj-AMP,G3956,Mark 5,1702,8
παραλαμβάνει,takes with Him,V-PIA-3S,G3880,Mark 5,1703,8
πατέρα,father,N-AMS,G3962,Mark 5,1704,8
παιδίου,child,N-GNS,G3813,Mark 5,1705,8
μητέρα,mother,N-AFS,G3384,Mark 5,1706,8
εἰσπορεύεται,enters in,V-PIM/P-3S,G1531,Mark 5,1707,8
ὅπου,where,Adv,G3699,Mark 5,1708,8
κρατήσας,having taken,V-APA-NMS,G2902,Mark 5,1709,8
χειρὸς,hand,N-GFS,G5495,Mark 5,1710,8
Ταλιθὰ,Talitha,N-VFS,G5008,Mark 5,1711,8
κούμ,koum,V-AMA-2S,G2891,Mark 5,1712,8
ὅ,Which,RelPro-NNS,G3739,Mark 5,1713,8
μεθερμηνευόμενον,translated,V-PPM/P-NNS,G3177,Mark 5,1714,8
Τὸ,-,Art-VNS,G3588,Mark 5,1715,8
Κοράσιον,Little girl,N-VNS,G2877,Mark 5,1716,8
σοὶ,to you,PPro-D2S,G4771,Mark 5,1717,8
λέγω,I say,V-PIA-1S,G3004,Mark 5,1718,8
ἔγειρε,arise,V-PMA-2S,G1453,Mark 5,1719,8
ἀνέστη,arose,V-AIA-3S,G450,Mark 5,1720,8
κοράσιον,girl,N-NNS,G2877,Mark 5,1721,8
περιεπάτει,began walking,V-IIA-3S,G4043,Mark 5,1722,8
ἐτῶν,of years,N-GNP,G2094,Mark 5,1723,8
δώδεκα,twelve,Adj-GNP,G1427,Mark 5,1724,8
ἐξέστησαν,they were overcome,V-AIA-3P,G1839,Mark 5,1725,8
ἐκστάσει,with amazement,N-DFS,G1611,Mark 5,1726,8
διεστείλατο,He instructed,V-AIM-3S,G1291,Mark 5,1727,8
μηδεὶς,no one,Adj-NMS,G3367,Mark 5,1728,8
γνοῖ,should know,V-ASA-3S,G1097,Mark 5,1729,8
δοθῆναι,to be given,V-ANP,G1325,Mark 5,1730,8
φαγεῖν,to eat,V-ANA,G5315,Mark 5,1731,8
Καὶ,And,Conj,G2532,Mark 6,1732,8
ἐξῆλθεν,He went out,V-AIA-3S,G1831,Mark 6,1733,8
ἐκεῖθεν,from there,Adv,G1564,Mark 6,1734,8
καὶ,and,Conj,G2532,Mark 6,1735,8
ἔρχεται,came,V-PIM/P-3S,G2064,Mark 6,1736,8
εἰς,into,Prep,G1519,Mark 6,1737,8
τὴν,the,Art-AFS,G3588,Mark 6,1738,8
πατρίδα,hometown,N-AFS,G3968,Mark 6,1739,8
αὐτοῦ,of Him,PPro-GM3S,G846,Mark 6,1740,8
ἀκολουθοῦσιν,follow,V-PIA-3P,G190,Mark 6,1741,8
αὐτῷ,Him,PPro-DM3S,G846,Mark 6,1742,8
οἱ,the,Art-NMP,G3588,Mark 6,1743,8
μαθηταὶ,disciples,N-NMP,G3101,Mark 6,1744,8
γενομένου,having come,V-APM-GNS,G1096,Mark 6,1745,8
σαββάτου,the Sabbath,N-GNS,G4521,Mark 6,1746,8
ἤρξατο,He began,V-AIM-3S,G756,Mark 6,1747,8
διδάσκειν,to teach,V-PNA,G1321,Mark 6,1748,8
ἐν,in,Prep,G1722,Mark 6,1749,8
τῇ,the,Art-DFS,G3588,Mark 6,1750,8
συναγωγῇ,synagogue,N-DFS,G4864,Mark 6,1751,8
πολλοὶ,many,Adj-NMP,G4183,Mark 6,1752,8
ἀκούοντες,hearing,V-PPA-NMP,G191,Mark 6,1753,8
ἐξεπλήσσοντο,were astonished,V-IIM/P-3P,G1605,Mark 6,1754,8
λέγοντες,saying,V-PPA-NMP,G3004,Mark 6,1755,8
Πόθεν,From where,Adv,G4159,Mark 6,1756,8
τούτῳ,to this man,DPro-DMS,G3778,Mark 6,1757,8
ταῦτα,these things,DPro-NNP,G3778,Mark 6,1758,8
τίς,what is,IPro-NFS,G5101,Mark 6,1759,8
ἡ,the,Art-NFS,G3588,Mark 6,1760,8
σοφία,wisdom,N-NFS,G4678,Mark 6,1761,8
δοθεῖσα,having been given,V-APP-NFS,G1325,Mark 6,1762,8
αἱ,the,Art-NFP,G3588,Mark 6,1763,8
δυνάμεις,miracles,N-NFP,G1411,Mark 6,1764,8
τοιαῦται,such,DPro-NFP,G5108,Mark 6,1765,8
διὰ,by,Prep,G1223,Mark 6,1766,8
τῶν,the,Art-GFP,G3588,Mark 6,1767,8
χειρῶν,hands,N-GFP,G5495,Mark 6,1768,8
γινόμεναι,are done,V-PPM/P-NFP,G1096,Mark 6,1769,8
οὐχ,Not,Adv,G3756,Mark 6,1770,8
οὗτός,this,DPro-NMS,G3778,Mark 6,1771,8
ἐστιν,is,V-PIA-3S,G1510,Mark 6,1772,8
ὁ,the,Art-NMS,G3588,Mark 6,1773,8
τέκτων,carpenter,N-NMS,G5045,Mark 6,1774,8
υἱὸς,son,N-NMS,G5207,Mark 6,1775,8
τῆς,-,Art-GFS,G3588,Mark 6,1776,8
Μαρίας,of Mary,N-GFS,G3137,Mark 6,1777,8
ἀδελφὸς,brother,N-NMS,G80,Mark 6,1778,8
Ἰακώβου,of James,N-GMS,G2385,Mark 6,1779,8
Ἰωσῆτος,Joseph,N-GMS,G2500,Mark 6,1780,8
Ἰούδα,Judas,N-GMS,G2455,Mark 6,1781,8
Σίμωνος,Simon,N-GMS,G4613,Mark 6,1782,8
οὐκ,not,Adv,G3756,Mark 6,1783,8
εἰσὶν,are,V-PIA-3P,G1510,Mark 6,1784,8
ἀδελφαὶ,sisters,N-NFP,G79,Mark 6,1785,8
ὧδε,here,Adv,G5602,Mark 6,1786,8
πρὸς,with,Prep,G4314,Mark 6,1787,8
ἡμᾶς,us,PPro-A1P,G1473,Mark 6,1788,8
ἐσκανδαλίζοντο,they took offense,V-IIM/P-3P,G4624,Mark 6,1789,8
ἔλεγεν,said,V-IIA-3S,G2036,Mark 6,1790,8
αὐτοῖς,to them,PPro-DM3P,G846,Mark 6,1791,8
Ἰησοῦς,Jesus,N-NMS,G2424,Mark 6,1792,8
ὅτι,-,Conj,G3754,Mark 6,1793,8
Οὐκ,Not,Adv,G3756,Mark 6,1794,8
ἔστιν,is,V-PIA-3S,G1510,Mark 6,1795,8
προφήτης,a prophet,N-NMS,G4396,Mark 6,1796,8
ἄτιμος,without honor,Adj-NMS,G820,Mark 6,1797,8
εἰ,if,Conj,G1487,Mark 6,1798,8
μὴ,not,Adv,G3361,Mark 6,1799,8
πατρίδι,hometown,N-DFS,G3968,Mark 6,1800,8
τοῖς,-,Art-DMP,G3588,Mark 6,1801,8
συγγενεῦσιν,relatives,Adj-DMP,G4773,Mark 6,1802,8
οἰκίᾳ,household,N-DFS,G3614,Mark 6,1803,8
ἐδύνατο,He was able,V-IIM/P-3S,G1410,Mark 6,1804,8
ἐκεῖ,there,Adv,G1563,Mark 6,1805,8
ποιῆσαι,to do,V-ANA,G4160,Mark 6,1806,8
οὐδεμίαν,not any,Adj-AFS,G3762,Mark 6,1807,8
δύναμιν,work of power,N-AFS,G1411,Mark 6,1808,8
ὀλίγοις,on a few,Adj-DMP,G3641,Mark 6,1809,8
ἀρρώστοις,sick,Adj-DMP,G732,Mark 6,1810,8
ἐπιθεὶς,having laid,V-APA-NMS,G2007,Mark 6,1811,8
τὰς,the,Art-AFP,G3588,Mark 6,1812,8
χεῖρας,hands,N-AFP,G5495,Mark 6,1813,8
ἐθεράπευσεν,He healed,V-AIA-3S,G2323,Mark 6,1814,8
ἐθαύμαζεν,He was amazed,V-IIA-3S,G2296,Mark 6,1815,8
ἀπιστίαν,unbelief,N-AFS,G570,Mark 6,1816,8
αὐτῶν,of them,PPro-GM3P,G846,Mark 6,1817,8
περιῆγεν,He was going,V-IIA-3S,G4013,Mark 6,1818,8
κώμας,villages,N-AFP,G2968,Mark 6,1819,8
κύκλῳ,around,Adv,G2945,Mark 6,1820,8
διδάσκων,teaching,V-PPA-NMS,G1321,Mark 6,1821,8
προσκαλεῖται,He calls near,V-PIM/P-3S,G4341,Mark 6,1822,8
τοὺς,the,Art-AMP,G3588,Mark 6,1823,8
δώδεκα,Twelve,Adj-AMP,G1427,Mark 6,1824,8
αὐτοὺς,them,PPro-AM3P,G846,Mark 6,1825,8
ἀποστέλλειν,to send forth,V-PNA,G649,Mark 6,1826,8
δύο,two,Adj-AMP,G1417,Mark 6,1827,8
ἐδίδου,He gave,V-IIA-3S,G1325,Mark 6,1828,8
ἐξουσίαν,authority,N-AFS,G1849,Mark 6,1829,8
τῶν,over the,Art-GNP,G3588,Mark 6,1830,8
πνευμάτων,spirits,N-GNP,G4151,Mark 6,1831,8
ἀκαθάρτων,unclean,Adj-GNP,G169,Mark 6,1832,8
παρήγγειλεν,He instructed,V-AIA-3S,G3853,Mark 6,1833,8
ἵνα,that,Conj,G2443,Mark 6,1834,8
μηδὲν,nothing,Adj-ANS,G3367,Mark 6,1835,8
αἴρωσιν,they should take,V-PSA-3P,G142,Mark 6,1836,8
ὁδὸν,journey,N-AFS,G3598,Mark 6,1837,8
ῥάβδον,a staff,N-AFS,G4464,Mark 6,1838,8
μόνον,only,Adv,G3440,Mark 6,1839,8
ἄρτον,bread,N-AMS,G740,Mark 6,1840,8
πήραν,bag,N-AFS,G4082,Mark 6,1841,8
ζώνην,belt,N-AFS,G2223,Mark 6,1842,8
χαλκόν,money,N-AMS,G5475,Mark 6,1843,8
ἀλλὰ,but,Conj,G235,Mark 6,1844,8
ὑποδεδεμένους,wearing,V-RPM/P-AMP,G5265,Mark 6,1845,8
σανδάλια,sandals,N-ANP,G4547,Mark 6,1846,8
ἐνδύσησθε,put on,V-ASM-2P,G1746,Mark 6,1847,8
χιτῶνας,tunics,N-AMP,G5509,Mark 6,1848,8
Ὅπου,Wherever,Adv,G3699,Mark 6,1849,8
ἐὰν,if,Conj,G1437,Mark 6,1850,8
εἰσέλθητε,you enter,V-ASA-2P,G1525,Mark 6,1851,8
οἰκίαν,a house,N-AFS,G3614,Mark 6,1852,8
μένετε,remain,V-PMA-2P,G3306,Mark 6,1853,8
ἕως,until,Conj,G2193,Mark 6,1854,8
ἂν,-,Prtcl,G302,Mark 6,1855,8
ἐξέλθητε,you go out,V-ASA-2P,G1831,Mark 6,1856,8
ὃς,whatever,RelPro-NMS,G3739,Mark 6,1857,8
τόπος,place,N-NMS,G5117,Mark 6,1858,8
δέξηται,will receive,V-ASM-3S,G1209,Mark 6,1859,8
ὑμᾶς,you,PPro-A2P,G4771,Mark 6,1860,8
μηδὲ,nor,Conj,G3366,Mark 6,1861,8
ἀκούσωσιν,hear,V-ASA-3P,G191,Mark 6,1862,8
ὑμῶν,you,PPro-G2P,G4771,Mark 6,1863,8
ἐκπορευόμενοι,departing,V-PPM/P-NMP,G1607,Mark 6,1864,8
ἐκτινάξατε,shake off,V-AMA-2P,G1621,Mark 6,1865,8
τὸν,the,Art-AMS,G3588,Mark 6,1866,8
χοῦν,dust,N-AMS,G5522,Mark 6,1867,8
ὑποκάτω,under,Prep,G5270,Mark 6,1868,8
τῶν,the,Art-GMP,G3588,Mark 6,1869,8
ποδῶν,feet,N-GMP,G4228,Mark 6,1870,8
μαρτύριον,a testimony,N-ANS,G3142,Mark 6,1871,8
Ἀμὴν,Truly,Heb,G281,Mark 6,1872,8
λέγω,I say,V-PIA-1S,G3004,Mark 6,1873,8
ὑμῖν,to you,PPro-D2P,G4771,Mark 6,1874,8
ἀνεκτότερον,more tolerable,Adj-NNS-C,G414,Mark 6,1875,8
ἔσται,it will be,V-FIM-3S,G1510,Mark 6,1876,8
Σοδόμοις,for Sodom,N-DNP,G4670,Mark 6,1877,8
ἢ,or,Conj,G2228,Mark 6,1878,8
Γομόρροις,Gomorrah,N-DNP,G1116,Mark 6,1879,8
ἡμέρᾳ,day,N-DFS,G2250,Mark 6,1880,8
κρίσεως,of judgment,N-GFS,G2920,Mark 6,1881,8
πόλει,town,N-DFS,G4172,Mark 6,1882,8
ἐκείνῃ,for,DPro-DFS,G1565,Mark 6,1883,8
ἐξελθόντες,having gone out,V-APA-NMP,G1831,Mark 6,1884,8
ἐκήρυξαν,they preached,V-AIA-3P,G2784,Mark 6,1885,8
μετανοῶσιν,they should repent,V-PSA-3P,G3340,Mark 6,1886,8
δαιμόνια,demons,N-ANP,G1140,Mark 6,1887,8
πολλὰ,many,Adj-ANP,G4183,Mark 6,1888,8
ἐξέβαλλον,they were casting out,V-IIA-3P,G1544,Mark 6,1889,8
ἤλειφον,were anointing,V-IIA-3P,G218,Mark 6,1890,8
ἐλαίῳ,with oil,N-DNS,G1637,Mark 6,1891,8
πολλοὺς,many,Adj-AMP,G4183,Mark 6,1892,8
ἀρρώστους,sick,Adj-AMP,G732,Mark 6,1893,8
ἐθεράπευον,healing them,V-IIA-3P,G2323,Mark 6,1894,8
ἤκουσεν,heard,V-AIA-3S,G191,Mark 6,1895,8
βασιλεὺς,King,N-NMS,G935,Mark 6,1896,8
Ἡρῴδης,Herod,N-NMS,G2264,Mark 6,1897,8
φανερὸν,well known,Adj-NNS,G5318,Mark 6,1898,8
γὰρ,for,Conj,G1063,Mark 6,1899,8
ἐγένετο,became,V-AIM-3S,G1096,Mark 6,1900,8
τὸ,the,Art-NNS,G3588,Mark 6,1901,8
ὄνομα,name,N-NNS,G3686,Mark 6,1902,8
ἔλεγον,they were saying,V-IIA-3P,G2036,Mark 6,1903,8
Ἰωάννης,John,N-NMS,G2491,Mark 6,1904,8
Βαπτίζων,baptizing,V-PPA-NMS,G907,Mark 6,1905,8
ἐγήγερται,is risen,V-RIM/P-3S,G1453,Mark 6,1906,8
ἐκ,out from,Prep,G1537,Mark 6,1907,8
νεκρῶν,the dead,Adj-GMP,G3498,Mark 6,1908,8
τοῦτο,this,DPro-ANS,G3778,Mark 6,1909,8
ἐνεργοῦσιν,operate,V-PIA-3P,G1754,Mark 6,1910,8
ἄλλοι,Others,Adj-NMP,G243,Mark 6,1911,8
δὲ,however,Conj,G1161,Mark 6,1912,8
Ἠλίας,Elijah,N-NMS,G2243,Mark 6,1913,8
ἐστίν,He is,V-PIA-3S,G1510,Mark 6,1914,8
Προφήτης,A prophet,N-NMS,G4396,Mark 6,1915,8
ὡς,like,Adv,G5613,Mark 6,1916,8
εἷς,one,Adj-NMS,G1520,Mark 6,1917,8
προφητῶν,prophets,N-GMP,G4396,Mark 6,1918,8
Ἀκούσας,Having heard,V-APA-NMS,G191,Mark 6,1919,8
Ὃν,Whom,RelPro-AMS,G3739,Mark 6,1920,8
ἐγὼ,I,PPro-N1S,G1473,Mark 6,1921,8
ἀπεκεφάλισα,beheaded,V-AIA-1S,G607,Mark 6,1922,8
Ἰωάννην,John,N-AMS,G2491,Mark 6,1923,8
οὗτος,he,DPro-NMS,G3778,Mark 6,1924,8
ἠγέρθη,is risen,V-AIP-3S,G1453,Mark 6,1925,8
Αὐτὸς,Himself,PPro-NM3S,G846,Mark 6,1926,8
ἀποστείλας,having sent,V-APA-NMS,G649,Mark 6,1927,8
ἐκράτησεν,seized,V-AIA-3S,G2902,Mark 6,1928,8
ἔδησεν,bound,V-AIA-3S,G1210,Mark 6,1929,8
αὐτὸν,him,PPro-AM3S,G846,Mark 6,1930,8
φυλακῇ,prison,N-DFS,G5438,Mark 6,1931,8
Ἡρῳδιάδα,Herodias,N-AFS,G2266,Mark 6,1932,8
γυναῖκα,wife,N-AFS,G1135,Mark 6,1933,8
Φιλίππου,of Philip,N-GMS,G5376,Mark 6,1934,8
τοῦ,the,Art-GMS,G3588,Mark 6,1935,8
ἀδελφοῦ,brother,N-GMS,G80,Mark 6,1936,8
αὐτὴν,her,PPro-AF3S,G846,Mark 6,1937,8
ἐγάμησεν,he had married,V-AIA-3S,G1060,Mark 6,1938,8
τῷ,-,Art-DMS,G3588,Mark 6,1939,8
Ἡρῴδῃ,to Herod,N-DMS,G2264,Mark 6,1940,8
ἔξεστίν,it is lawful,V-PIA-3S,G1832,Mark 6,1941,8
σοι,for you,PPro-D2S,G4771,Mark 6,1942,8
ἔχειν,to have,V-PNA,G2192,Mark 6,1943,8
σου,of you,PPro-G2S,G4771,Mark 6,1944,8
Ἡ,-,Art-NFS,G3588,Mark 6,1945,8
Ἡρῳδιὰς,Herodias,N-NFS,G2266,Mark 6,1946,8
ἐνεῖχεν,held it,V-IIA-3S,G1758,Mark 6,1947,8
ἤθελεν,wished,V-IIA-3S,G2309,Mark 6,1948,8
ἀποκτεῖναι,to kill,V-ANA,G615,Mark 6,1949,8
ἠδύνατο,was able,V-IIM/P-3S,G1410,Mark 6,1950,8
ἐφοβεῖτο,was afraid of,V-IIM/P-3S,G5399,Mark 6,1951,8
εἰδὼς,knowing,V-RPA-NMS,G1492,Mark 6,1952,8
ἄνδρα,to be a man,N-AMS,G435,Mark 6,1953,8
δίκαιον,righteous,Adj-AMS,G1342,Mark 6,1954,8
ἅγιον,holy,Adj-AMS,G40,Mark 6,1955,8
συνετήρει,he kept safe,V-IIA-3S,G4933,Mark 6,1956,8
αὐτόν,him,PPro-AM3S,G846,Mark 6,1957,8
ἀκούσας,having heard,V-APA-NMS,G191,Mark 6,1958,8
ἠπόρει,he was perplexed,V-IIA-3S,G639,Mark 6,1959,8
ἡδέως,gladly,Adv,G2234,Mark 6,1960,8
ἤκουεν,heard,V-IIA-3S,G191,Mark 6,1961,8
γενομένης,having come,V-APM-GFS,G1096,Mark 6,1962,8
ἡμέρας,a day,N-GFS,G2250,Mark 6,1963,8
εὐκαίρου,opportune,Adj-GFS,G2121,Mark 6,1964,8
ὅτε,when,Adv,G3753,Mark 6,1965,8
τοῖς,on the,Art-DNP,G3588,Mark 6,1966,8
γενεσίοις,birthday,N-DNP,G1077,Mark 6,1967,8
δεῖπνον,a banquet,N-ANS,G1173,Mark 6,1968,8
ἐποίησεν,made,V-AIA-3S,G4160,Mark 6,1969,8
μεγιστᾶσιν,great men,N-DMP,G3175,Mark 6,1970,8
χιλιάρχοις,chief captains,N-DMP,G5506,Mark 6,1971,8
πρώτοις,leading men,Adj-DMP,G4413,Mark 6,1972,8
Γαλιλαίας,of Galilee,N-GFS,G1056,Mark 6,1973,8
εἰσελθούσης,having come in,V-APA-GFS,G1525,Mark 6,1974,8
θυγατρὸς,daughter,N-GFS,G2364,Mark 6,1975,8
αὐτῆς,of herself,PPro-GF3S,G846,Mark 6,1976,8
Ἡρῳδιάδος,Herodias,N-GFS,G2266,Mark 6,1977,8
ὀρχησαμένης,having danced,V-APM-GFS,G3738,Mark 6,1978,8
ἤρεσεν,pleased,V-AIA-3S,G700,Mark 6,1979,8
συνανακειμένοις,reclining with him,V-PPM/P-DMP,G4873,Mark 6,1980,8
ὁ,-,Art-NMS,G3588,Mark 6,1981,8
δὲ,And,Conj,G1161,Mark 6,1982,8
βασιλεὺς» ,the king,N-NMS,G935,Mark 6,1983,8
εἶπεν,said,V-AIA-3S,G2036,Mark 6,1984,8
τῷ,to the,Art-DNS,G3588,Mark 6,1985,8
κορασίῳ,girl,N-DNS,G2877,Mark 6,1986,8
Αἴτησόν,Ask,V-AMA-2S,G154,Mark 6,1987,8
με,me,PPro-A1S,G1473,Mark 6,1988,8
ὃ,whatever,RelPro-ANS,G3739,Mark 6,1989,8
θέλῃς,you wish,V-PSA-2S,G2309,Mark 6,1990,8
δώσω,I will give,V-FIA-1S,G1325,Mark 6,1991,8
ὤμοσεν,he swore,V-AIA-3S,G3660,Mark 6,1992,8
αὐτῇ,to her,PPro-DF3S,G846,Mark 6,1993,8
Πολλά,Whatever,Adj-ANP,G4183,Mark 6,1994,8
Ὅ,that,Conj,G3754,Mark 6,1995,8
ἐάν,if,Conj,G1437,Mark 6,1996,8
αἰτήσῃς,you might ask,V-ASA-2S,G154,Mark 6,1997,8
ἕως,up to,Prep,G2193,Mark 6,1998,8
ἡμίσους,half,Adj-GNS,G2255,Mark 6,1999,8
βασιλείας,kingdom,N-GFS,G932,Mark 6,2000,8
μου,of me,PPro-G1S,G1473,Mark 6,2001,8
ἐξελθοῦσα,having gone out,V-APA-NFS,G1831,Mark 6,2002,8
μητρὶ,mother,N-DFS,G3384,Mark 6,2003,8
Τί,What,IPro-ANS,G5101,Mark 6,2004,8
αἰτήσωμαι,shall I ask,V-ASM-1S,G154,Mark 6,2005,8
Τὴν,The,Art-AFS,G3588,Mark 6,2006,8
κεφαλὴν,head,N-AFS,G2776,Mark 6,2007,8
Ἰωάννου,of John,N-GMS,G2491,Mark 6,2008,8
Βαπτίζοντος,baptizing,V-PPA-GMS,G907,Mark 6,2009,8
εἰσελθοῦσα,having entered,V-APA-NFS,G1525,Mark 6,2010,8
εὐθὺς,immediately,Adv,G2112,Mark 6,2011,8
μετὰ,with,Prep,G3326,Mark 6,2012,8
σπουδῆς,haste,N-GFS,G4710,Mark 6,2013,8
βασιλέα,king,N-AMS,G935,Mark 6,2014,8
ᾐτήσατο,she asked,V-AIM-3S,G154,Mark 6,2015,8
λέγουσα,saying,V-PPA-NFS,G3004,Mark 6,2016,8
Θέλω,I desire,V-PIA-1S,G2309,Mark 6,2017,8
ἐξαυτῆς,at once,Adv,G1824,Mark 6,2018,8
δῷς,you give,V-ASA-2S,G1325,Mark 6,2019,8
μοι,to me,PPro-D1S,G1473,Mark 6,2020,8
ἐπὶ,upon,Prep,G1909,Mark 6,2021,8
πίνακι,a platter,N-DMS,G4094,Mark 6,2022,8
Βαπτιστοῦ,Baptist,N-GMS,G910,Mark 6,2023,8
περίλυπος,encompassingly sorrowful,Adj-NMS,G4036,Mark 6,2024,8
γενόμενος,having been made,V-APM-NMS,G1096,Mark 6,2025,8
ὅρκους,oaths,N-AMP,G3727,Mark 6,2026,8
ἀνακειμένους,reclining with him,V-PPM/P-AMP,G345,Mark 6,2027,8
ἠθέλησεν,was he willing,V-AIA-3S,G2309,Mark 6,2028,8
ἀθετῆσαι,to refuse,V-ANA,G114,Mark 6,2029,8
αὐτήν,her,PPro-AF3S,G846,Mark 6,2030,8
σπεκουλάτορα,an executioner,N-AMS,G4688,Mark 6,2031,8
ἐπέταξεν,he commanded,V-AIA-3S,G2004,Mark 6,2032,8
ἐνέγκαι,to be brought,V-ANA,G5342,Mark 6,2033,8
ἀπελθὼν,having gone,V-APA-NMS,G565,Mark 6,2034,8
ἀπεκεφάλισεν,he beheaded,V-AIA-3S,G607,Mark 6,2035,8
ἤνεγκεν,brought,V-AIA-3S,G5342,Mark 6,2036,8
ἔδωκεν,gave,V-AIA-3S,G1325,Mark 6,2037,8
κοράσιον,girl,N-NNS,G2877,Mark 6,2038,8
ἀκούσαντες,having heard it,V-APA-NMP,G191,Mark 6,2039,8
ἦλθον,came,V-AIA-3P,G2064,Mark 6,2040,8
ἦραν,took up,V-AIA-3P,G142,Mark 6,2041,8
τὸ,the,Art-ANS,G3588,Mark 6,2042,8
πτῶμα,body,N-ANS,G4430,Mark 6,2043,8
ἔθηκαν,laid,V-AIA-3P,G5087,Mark 6,2044,8
αὐτὸ,it,PPro-AN3S,G846,Mark 6,2045,8
μνημείῳ,a tomb,N-DNS,G3419,Mark 6,2046,8
συνάγονται,are gathered together,V-PIM/P-3P,G4863,Mark 6,2047,8
ἀπόστολοι,apostles,N-NMP,G652,Mark 6,2048,8
Ἰησοῦν,Jesus,N-AMS,G2424,Mark 6,2049,8
ἀπήγγειλαν,they related,V-AIA-3P,G518,Mark 6,2050,8
πάντα,all things,Adj-ANP,G3956,Mark 6,2051,8
ὅσα,what,RelPro-ANP,G3745,Mark 6,2052,8
ἐποίησαν,they had done,V-AIA-3P,G4160,Mark 6,2053,8
ἐδίδαξαν,they had taught,V-AIA-3P,G1321,Mark 6,2054,8
λέγει,He said,V-PIA-3S,G3004,Mark 6,2055,8
Δεῦτε,Come,V-M-2P,G1205,Mark 6,2056,8
ὑμεῖς,you,PPro-N2P,G4771,Mark 6,2057,8
αὐτοὶ,yourselves,PPro-NM3P,G846,Mark 6,2058,8
κατ,apart,Prep,G2596,Mark 6,2059,8
ἰδίαν,own,Adj-AFS,G2398,Mark 6,2060,8
ἔρημον,a solitary,Adj-AMS,G2048,Mark 6,2061,8
τόπον,place,N-AMS,G5117,Mark 6,2062,8
ἀναπαύσασθε,rest,V-AMM-2P,G373,Mark 6,2063,8
ὀλίγον,a little,Adj-ANS,G3641,Mark 6,2064,8
ἦσαν,Were,V-IIA-3P,G1510,Mark 6,2065,8
ἐρχόμενοι,coming,V-PPM/P-NMP,G2064,Mark 6,2066,8
ὑπάγοντες,going,V-PPA-NMP,G5217,Mark 6,2067,8
πολλοί,many,Adj-NMP,G4183,Mark 6,2068,8
οὐδὲ,not even,Adv,G3761,Mark 6,2069,8
φαγεῖν,to eat,V-ANA,G5315,Mark 6,2070,8
εὐκαίρουν,had they opportunity,V-IIA-3P,G2119,Mark 6,2071,8
ἀπῆλθον,they went away,V-AIA-3P,G565,Mark 6,2072,8
πλοίῳ,boat,N-DNS,G4143,Mark 6,2073,8
εἶδον,they saw,V-AIA-3P,G3708,Mark 6,2074,8
ὑπάγοντας,going,V-PPA-AMP,G5217,Mark 6,2075,8
ἐπέγνωσαν,recognized,V-AIA-3P,G1921,Mark 6,2076,8
πεζῇ,on foot,Adv,G3979,Mark 6,2077,8
ἀπὸ,from,Prep,G575,Mark 6,2078,8
πασῶν,all,Adj-GFP,G3956,Mark 6,2079,8
πόλεων,cities,N-GFP,G4172,Mark 6,2080,8
συνέδραμον,ran together,V-AIA-3P,G4936,Mark 6,2081,8
προῆλθον,went before,V-AIA-3P,G4281,Mark 6,2082,8
αὐτούς,them,PPro-AM3P,G846,Mark 6,2083,8
ἐξελθὼν,having gone out,V-APA-NMS,G1831,Mark 6,2084,8
εἶδεν,He saw,V-AIA-3S,G3708,Mark 6,2085,8
πολὺν,a great,Adj-AMS,G4183,Mark 6,2086,8
ὄχλον,crowd,N-AMS,G3793,Mark 6,2087,8
ἐσπλαγχνίσθη,was moved with compassion,V-AIP-3S,G4697,Mark 6,2088,8
ἐπ,toward,Prep,G1909,Mark 6,2089,8
πρόβατα,sheep,N-NNP,G4263,Mark 6,2090,8
ἔχοντα,having,V-PPA-NNP,G2192,Mark 6,2091,8
ποιμένα,a shepherd,N-AMS,G4166,Mark 6,2092,8
πολλά,many things,Adj-ANP,G4183,Mark 6,2093,8
ἤδη,already,Adv,G2235,Mark 6,2094,8
ὥρας,the hour,N-GFS,G5610,Mark 6,2095,8
πολλῆς,late,Adj-GFS,G4183,Mark 6,2096,8
προσελθόντες,having come,V-APA-NMP,G4334,Mark 6,2097,8
Ἔρημός,Desolate,Adj-NMS,G2048,Mark 6,2098,8
ὥρα,an hour,N-NFS,G5610,Mark 6,2099,8
πολλή,late,Adj-NFS,G4183,Mark 6,2100,8
ἀπόλυσον,Dismiss,V-AMA-2S,G630,Mark 6,2101,8
ἀπελθόντες,having gone,V-APA-NMP,G565,Mark 6,2102,8
ἀγροὺς,region,N-AMP,G68,Mark 6,2103,8
ἀγοράσωσιν,they might buy,V-ASA-3P,G59,Mark 6,2104,8
ἑαυτοῖς,for themselves,RefPro-DM3P,G1438,Mark 6,2105,8
τί,something,IPro-ANS,G5101,Mark 6,2106,8
φάγωσιν,to eat,V-ASA-3P,G5315,Mark 6,2107,8
Ὁ,-,Art-NMS,G3588,Mark 6,2108,8
ἀποκριθεὶς,answering,V-APP-NMS,G611,Mark 6,2109,8
Δότε,Give,V-AMA-2P,G1325,Mark 6,2110,8
λέγουσιν,they say,V-PIA-3P,G3004,Mark 6,2111,8
Ἀπελθόντες,Having gone,V-APA-NMP,G565,Mark 6,2112,8
ἀγοράσωμεν,shall we buy,V-ASA-1P,G59,Mark 6,2113,8
δηναρίων,denarii,N-GNP,G1220,Mark 6,2114,8
διακοσίων,two hundred,Adj-GNP,G1250,Mark 6,2115,8
ἄρτους,of bread,N-AMP,G740,Mark 6,2116,8
δώσομεν,give,V-FIA-1P,G1325,Mark 6,2117,8
Πόσους,How many,IPro-AMP,G4214,Mark 6,2118,8
ἔχετε ,have you,V-PIA-2P,G2192,Mark 6,2119,8
ὑπάγετε,Go,V-PMA-2P,G5217,Mark 6,2120,8
ἴδετε,see,V-AMA-2P,G3708,Mark 6,2121,8
γνόντες,having known,V-APA-NMP,G1097,Mark 6,2122,8
Πέντε,Five,Adj-AMP,G4002,Mark 6,2123,8
ἰχθύας,fish,N-AMP,G2486,Mark 6,2124,8
ἀνακλῖναι,to make recline,V-ANA,G347,Mark 6,2125,8
πάντας,all,Adj-AMP,G3956,Mark 6,2126,8
συμπόσια,groups,N-ANP,G4849,Mark 6,2127,8
χλωρῷ,green,Adj-DMS,G5515,Mark 6,2128,8
χόρτῳ,grass,N-DMS,G5528,Mark 6,2129,8
ἀνέπεσαν,they sat down,V-AIA-3P,G377,Mark 6,2130,8
πρασιαὶ,groups,N-NFP,G4237,Mark 6,2131,8
κατὰ,by,Prep,G2596,Mark 6,2132,8
ἑκατὸν,hundreds,Adj-AMP,G1540,Mark 6,2133,8
πεντήκοντα,fifties,Adj-AMP,G4004,Mark 6,2134,8
λαβὼν,having taken,V-APA-NMS,G2983,Mark 6,2135,8
πέντε,five,Adj-AMP,G4002,Mark 6,2136,8
ἀναβλέψας,having looked up,V-APA-NMS,G308,Mark 6,2137,8
οὐρανὸν,heaven,N-AMS,G3772,Mark 6,2138,8
εὐλόγησεν,He blessed,V-AIA-3S,G2127,Mark 6,2139,8
κατέκλασεν,broke,V-AIA-3S,G2622,Mark 6,2140,8
μαθηταῖς,disciples,N-DMP,G3101,Mark 6,2141,8
αὐτοῦ,of Him,PPro-GM3S,G846,Mark 6,2142,8
παρατιθῶσιν,they might set before,V-PSA-3P,G3908,Mark 6,2143,8
ἐμέρισεν,He divided,V-AIA-3S,G3307,Mark 6,2144,8
πᾶσιν,among all,Adj-DMP,G3956,Mark 6,2145,8
ἔφαγον,ate,V-AIA-3P,G5315,Mark 6,2146,8
πάντες,all,Adj-NMP,G3956,Mark 6,2147,8
ἐχορτάσθησαν,were satisfied,V-AIP-3P,G5526,Mark 6,2148,8
κλάσματα,of fragments,N-ANP,G2801,Mark 6,2149,8
δώδεκα,twelve,Adj-GMP,G1427,Mark 6,2150,8
κοφίνων,hand-baskets,N-GMP,G2894,Mark 6,2151,8
πληρώματα,full,N-ANP,G4138,Mark 6,2152,8
ἰχθύων,fish,N-GMP,G2486,Mark 6,2153,8
φαγόντες,having eaten of,V-APA-NMP,G5315,Mark 6,2154,8
πεντακισχίλιοι,five thousand,Adj-NMP,G4000,Mark 6,2155,8
ἄνδρες,men,N-NMP,G435,Mark 6,2156,8
ἠνάγκασεν,He compelled,V-AIA-3S,G315,Mark 6,2157,8
μαθητὰς,disciples,N-AMP,G3101,Mark 6,2158,8
ἐμβῆναι,to enter,V-ANA,G1684,Mark 6,2159,8
πλοῖον,boat,N-ANS,G4143,Mark 6,2160,8
προάγειν,to go before,V-PNA,G4254,Mark 6,2161,8
πέραν,other side,Adv,G4008,Mark 6,2162,8
Βηθσαϊδάν,Bethsaida,N-AFS,G966,Mark 6,2163,8
αὐτὸς,He,PPro-NM3S,G846,Mark 6,2164,8
ἀπολύει,should dismiss,V-PIA-3S,G630,Mark 6,2165,8
ἀποταξάμενος,having taken leave of,V-APM-NMS,G657,Mark 6,2166,8
ἀπῆλθεν,He departed,V-AIA-3S,G565,Mark 6,2167,8
ὄρος,mountain,N-ANS,G3735,Mark 6,2168,8
προσεύξασθαι,to pray,V-ANM,G4336,Mark 6,2169,8
ὀψίας,evening,Adj-GFS,G3798,Mark 6,2170,8
ἦν,was,V-IIA-3S,G1510,Mark 6,2171,8
πλοῖον,boat,N-NNS,G4143,Mark 6,2172,8
μέσῳ,the midst,Adj-DNS,G3319,Mark 6,2173,8
θαλάσσης,sea,N-GFS,G2281,Mark 6,2174,8
μόνος,alone,Adj-NMS,G3441,Mark 6,2175,8
γῆς,land,N-GFS,G1093,Mark 6,2176,8
ἰδὼν,He having seen,V-APA-NMS,G3708,Mark 6,2177,8
βασανιζομένους,straining,V-PPM/P-AMP,G928,Mark 6,2178,8
ἐλαύνειν,rowing,V-PNA,G1643,Mark 6,2179,8
ἄνεμος,wind,N-NMS,G417,Mark 6,2180,8
ἐναντίος,contrary,Adj-NMS,G1727,Mark 6,2181,8
περὶ,About,Prep,G4012,Mark 6,2182,8
τετάρτην,the fourth,Adj-AFS,G5067,Mark 6,2183,8
φυλακὴν,watch,N-AFS,G5438,Mark 6,2184,8
νυκτὸς,night,N-GFS,G3571,Mark 6,2185,8
περιπατῶν,walking,V-PPA-NMS,G4043,Mark 6,2186,8
παρελθεῖν,to pass by,V-ANA,G3928,Mark 6,2187,8
ἰδόντες,having seen,V-APA-NMP,G3708,Mark 6,2188,8
περιπατοῦντα,walking,V-PPA-AMS,G4043,Mark 6,2189,8
ἔδοξαν,they thought,V-AIA-3P,G1380,Mark 6,2190,8
φάντασμά,a ghost,N-NNS,G5326,Mark 6,2191,8
ἀνέκραξαν,cried out,V-AIA-3P,G349,Mark 6,2192,8
εἶδον,saw,V-AIA-3P,G3708,Mark 6,2193,8
ἐταράχθησαν,were troubled,V-AIP-3P,G5015,Mark 6,2194,8
Δὲ,And,Conj,G1161,Mark 6,2195,8
ἐλάλησεν,He spoke,V-AIA-3S,G2980,Mark 6,2196,8
μετ,with,Prep,G3326,Mark 6,2197,8
Θαρσεῖτε,Take courage,V-PMA-2P,G2293,Mark 6,2198,8
ἐγώ,I,PPro-N1S,G1473,Mark 6,2199,8
εἰμι,am He,V-PIA-1S,G1510,Mark 6,2200,8
φοβεῖσθε,fear,V-PMM/P-2P,G5399,Mark 6,2201,8
ἀνέβη,He went up,V-AIA-3S,G305,Mark 6,2202,8
ἐκόπασεν,ceased,V-AIA-3S,G2869,Mark 6,2203,8
λίαν,exceedingly,Adv,G3029,Mark 6,2204,8
περισσοῦ,abundance,Adj-GNS,G4053,Mark 6,2205,8
ἐξίσταντο,they were amazed,V-IIM-3P,G1839,Mark 6,2206,8
οὐ,not,Adv,G3756,Mark 6,2207,8
συνῆκαν,they understood,V-AIA-3P,G4920,Mark 6,2208,8
ἄρτοις,loaves,N-DMP,G740,Mark 6,2209,8
ἀλλ,but,Conj,G235,Mark 6,2210,8
καρδία,heart,N-NFS,G2588,Mark 6,2211,8
πεπωρωμένη,hardened,V-RPM/P-NFS,G4456,Mark 6,2212,8
διαπεράσαντες,having passed over,V-APA-NMP,G1276,Mark 6,2213,8
γῆν,land,N-AFS,G1093,Mark 6,2214,8
ἦλθον,they came,V-AIA-3P,G2064,Mark 6,2215,8
Γεννησαρὲτ,Gennesaret,N-AFS,G1082,Mark 6,2216,8
προσωρμίσθησαν,drew to shore,V-AIP-3P,G4358,Mark 6,2217,8
ἐξελθόντων,on having come,V-APA-GMP,G1831,Mark 6,2218,8
τοῦ,the,Art-GNS,G3588,Mark 6,2219,8
πλοίου,boat,N-GNS,G4143,Mark 6,2220,8
ἐπιγνόντες,having recognized,V-APA-NMP,G1921,Mark 6,2221,8
περιέδραμον,they ran around,V-AIA-3P,G4063,Mark 6,2222,8
ὅλην,all,Adj-AFS,G3650,Mark 6,2223,8
χώραν,country,N-AFS,G5561,Mark 6,2224,8
ἐκείνην,that,DPro-AFS,G1565,Mark 6,2225,8
ἤρξαντο,they began,V-AIM-3P,G756,Mark 6,2226,8
κραβάττοις,mats,N-DMP,G2895,Mark 6,2227,8
κακῶς,sick,Adv,G2560,Mark 6,2228,8
ἔχοντας,being,V-PPA-AMP,G2192,Mark 6,2229,8
περιφέρειν,to carry about,V-PNA,G4064,Mark 6,2230,8
ὅπου,to wherever,Adv,G3699,Mark 6,2231,8
ἤκουον,they were hearing,V-IIA-3P,G191,Mark 6,2232,8
εἰσεπορεύετο,He entered,V-IIM/P-3S,G1531,Mark 6,2233,8
πόλεις,cities,N-AFP,G4172,Mark 6,2234,8
ταῖς,the,Art-DFP,G3588,Mark 6,2235,8
ἀγοραῖς,marketplaces,N-DFP,G58,Mark 6,2236,8
ἐτίθεσαν,they were laying,V-IIA-3P,G5087,Mark 6,2237,8
ἀσθενοῦντας,ailing,V-PPA-AMP,G770,Mark 6,2238,8
παρεκάλουν,were begging,V-IIA-3P,G3870,Mark 6,2239,8
κἂν,only,Adv,G2579,Mark 6,2240,8
κρασπέδου,fringe,N-GNS,G2899,Mark 6,2241,8
ἱματίου,clothing,N-GNS,G2440,Mark 6,2242,8
ἅψωνται,they might touch,V-ASM-3P,G680,Mark 6,2243,8
ὅσοι,as many as,RelPro-NMP,G3745,Mark 6,2244,8
ἥψαντο,touched,V-AIM-3P,G680,Mark 6,2245,8
ἐσῴζοντο,were being healed,V-IIM/P-3P,G4982,Mark 6,2246,8
Καὶ,And,Conj,G2532,Mark 7,2247,8
συνάγονται,are gathered together,V-PIM/P-3P,G4863,Mark 7,2248,8
πρὸς,to,Prep,G4314,Mark 7,2249,8
αὐτὸν,Him,PPro-AM3S,G846,Mark 7,2250,8
οἱ,the,Art-NMP,G3588,Mark 7,2251,8
Φαρισαῖοι,Pharisees,N-NMP,G5330,Mark 7,2252,8
καί,and,Conj,G2532,Mark 7,2253,8
τινες,some,IPro-NMP,G5100,Mark 7,2254,8
τῶν,of the,Art-GMP,G3588,Mark 7,2255,8
γραμματέων,scribes,N-GMP,G1122,Mark 7,2256,8
ἐλθόντες,having come,V-APA-NMP,G2064,Mark 7,2257,8
ἀπὸ,from,Prep,G575,Mark 7,2258,8
Ἱεροσολύμων,Jerusalem,N-GNP,G2414,Mark 7,2259,8
καὶ,And,Conj,G2532,Mark 7,2260,8
ἰδόντες,they had seen,V-APA-NMP,G3708,Mark 7,2261,8
τινὰς,some,IPro-AMP,G5100,Mark 7,2262,8
μαθητῶν,disciples,N-GMP,G3101,Mark 7,2263,8
αὐτοῦ,of Him,PPro-GM3S,G846,Mark 7,2264,8
ὅτι,that,Conj,G3754,Mark 7,2265,8
κοιναῖς,with defiled,Adj-DFP,G2839,Mark 7,2266,8
χερσίν,hands,N-DFP,G5495,Mark 7,2267,8
τοῦτ,that,DPro-NNS,G3778,Mark 7,2268,8
ἔστιν,is,V-PIA-3S,G1510,Mark 7,2269,8
ἀνίπτοις,unwashed,Adj-DFP,G449,Mark 7,2270,8
ἐσθίουσιν,are eating,V-PIA-3P,G2068,Mark 7,2271,8
τοὺς,the,Art-AMP,G3588,Mark 7,2272,8
ἄρτους,bread,N-AMP,G740,Mark 7,2273,8
Οἱ,-,Art-NMP,G3588,Mark 7,2274,8
γὰρ,For,Conj,G1063,Mark 7,2275,8
πάντες,all,Adj-NMP,G3956,Mark 7,2276,8
Ἰουδαῖοι,Jews,Adj-NMP,G2453,Mark 7,2277,8
ἐὰν,if,Conj,G1437,Mark 7,2278,8
μὴ,not,Adv,G3361,Mark 7,2279,8
πυγμῇ,carefully,N-DFS,G4435,Mark 7,2280,8
νίψωνται,they wash,V-ASM-3P,G3538,Mark 7,2281,8
τὰς,the,Art-AFP,G3588,Mark 7,2282,8
χεῖρας,hands,N-AFP,G5495,Mark 7,2283,8
οὐκ,not,Adv,G3756,Mark 7,2284,8
κρατοῦντες,holding,V-PPA-NMP,G2902,Mark 7,2285,8
τὴν,the,Art-AFS,G3588,Mark 7,2286,8
παράδοσιν,tradition,N-AFS,G3862,Mark 7,2287,8
πρεσβυτέρων,elders,Adj-GMP,G4245,Mark 7,2288,8
ἀπ,on coming from,Prep,G575,Mark 7,2289,8
ἀγορᾶς,the market,N-GFS,G58,Mark 7,2290,8
βαπτίσωνται,they wash,V-ASM-3P,G907,Mark 7,2291,8
ἄλλα,other things,Adj-NNP,G243,Mark 7,2292,8
πολλά,many,Adj-NNP,G4183,Mark 7,2293,8
ἐστιν,there are,V-PIA-3S,G1510,Mark 7,2294,8
ἃ,which,RelPro-ANP,G3739,Mark 7,2295,8
παρέλαβον,they received,V-AIA-3P,G3880,Mark 7,2296,8
κρατεῖν,for them to hold to,V-PNA,G2902,Mark 7,2297,8
βαπτισμοὺς,washings,N-AMP,G909,Mark 7,2298,8
ποτηρίων,of cups,N-GNP,G4221,Mark 7,2299,8
ξεστῶν,vessels,N-GMP,G3582,Mark 7,2300,8
χαλκίων,utensils,N-GNP,G5473,Mark 7,2301,8
καὶ,and,Conj,G2532,Mark 7,2302,8
κλινῶν,couches for dining,N-GFP,G2825,Mark 7,2303,8
ἐπερωτῶσιν,questioned,V-PIA-3P,G1905,Mark 7,2304,8
γραμματεῖς,scribes,N-NMP,G1122,Mark 7,2305,8
Διὰ,Because of,Prep,G1223,Mark 7,2306,8
τί,why,IPro-ANS,G5101,Mark 7,2307,8
οὐ,not,Adv,G3756,Mark 7,2308,8
περιπατοῦσιν,walk,V-PIA-3P,G4043,Mark 7,2309,8
μαθηταί,disciples,N-NMP,G3101,Mark 7,2310,8
σου,of You,PPro-G2S,G4771,Mark 7,2311,8
κατὰ,according to,Prep,G2596,Mark 7,2312,8
ἀλλὰ,but,Conj,G235,Mark 7,2313,8
χερσὶν,hands,N-DFP,G5495,Mark 7,2314,8
τὸν,the,Art-AMS,G3588,Mark 7,2315,8
ἄρτον,bread,N-AMS,G740,Mark 7,2316,8
Ὁ,-,Art-NMS,G3588,Mark 7,2317,8
δὲ,And,Conj,G1161,Mark 7,2318,8
εἶπεν,He said,V-AIA-3S,G2036,Mark 7,2319,8
αὐτοῖς,to them,PPro-DM3P,G846,Mark 7,2320,8
Καλῶς,Rightly,Adv,G2573,Mark 7,2321,8
ἐπροφήτευσεν,prophesied,V-AIA-3S,G4395,Mark 7,2322,8
Ἠσαΐας,Isaiah,N-NMS,G2268,Mark 7,2323,8
περὶ,concerning,Prep,G4012,Mark 7,2324,8
ὑμῶν,you,PPro-G2P,G4771,Mark 7,2325,8
ὑποκριτῶν,hypocrites,N-GMP,G5273,Mark 7,2326,8
ὡς,as,Adv,G5613,Mark 7,2327,8
γέγραπται,it has been written,V-RIM/P-3S,G1125,Mark 7,2328,8
Οὗτος,This,DPro-NMS,G3778,Mark 7,2329,8
ὁ,-,Art-NMS,G3588,Mark 7,2330,8
λαὸς,people,N-NMS,G2992,Mark 7,2331,8
τοῖς,with the,Art-DNP,G3588,Mark 7,2332,8
χείλεσίν,lips,N-DNP,G5491,Mark 7,2333,8
με,Me,PPro-A1S,G1473,Mark 7,2334,8
τιμᾷ,honors,V-PIA-3S,G5091,Mark 7,2335,8
Ἡ,-,Art-NFS,G3588,Mark 7,2336,8
καρδία,the heart,N-NFS,G2588,Mark 7,2337,8
αὐτῶν,of them,PPro-GM3P,G846,Mark 7,2338,8
πόρρω,far away,Adv,G4206,Mark 7,2339,8
ἀπέχει,is kept,V-PIA-3S,G568,Mark 7,2340,8
ἐμοῦ,Me,PPro-G1S,G1473,Mark 7,2341,8
Μάτην,In vain,Adv,G3155,Mark 7,2342,8
σέβονταί,they worship,V-PIM/P-3P,G4576,Mark 7,2343,8
Διδάσκοντες,teaching,V-PPA-NMP,G1321,Mark 7,2344,8
διδασκαλίας,as doctrines,N-AFP,G1319,Mark 7,2345,8
ἐντάλματα,the precepts,N-ANP,G1778,Mark 7,2346,8
ἀνθρώπων,of men,N-GMP,G444,Mark 7,2347,8
Ἀφέντες,Having neglected,V-APA-NMP,G863,Mark 7,2348,8
ἐντολὴν,commandment,N-AFS,G1785,Mark 7,2349,8
τοῦ,-,Art-GMS,G3588,Mark 7,2350,8
Θεοῦ,of God,N-GMS,G2316,Mark 7,2351,8
κρατεῖτε,you hold,V-PIA-2P,G2902,Mark 7,2352,8
βαπτισμοὺς,the washings,N-AMP,G909,Mark 7,2353,8
ἄλλα,other,Adj-ANP,G243,Mark 7,2354,8
παρόμοια,like things,Adj-ANP,G3946,Mark 7,2355,8
τοιαῦτα,such,DPro-ANP,G5108,Mark 7,2356,8
πολλὰ,much,Adj-NNP,G4183,Mark 7,2357,8
ποιεῖτε,you do,V-PIA-2P,G4160,Mark 7,2358,8
ἔλεγεν,He was saying,V-IIA-3S,G2036,Mark 7,2359,8
ἀθετεῖτε,do you set aside,V-PIA-2P,G114,Mark 7,2360,8
ἵνα,that,Conj,G2443,Mark 7,2361,8
τηρήσητε,you might keep,V-ASA-2P,G5083,Mark 7,2362,8
Μωϋσῆς,Moses,N-NMS,G3475,Mark 7,2363,8
Τίμα,Honor,V-PMA-2S,G5091,Mark 7,2364,8
πατέρα,father,N-AMS,G3962,Mark 7,2365,8
μητέρα,mother,N-AFS,G3384,Mark 7,2366,8
κακολογῶν,speaking evil of,V-PPA-NMS,G2551,Mark 7,2367,8
ἢ,or,Conj,G2228,Mark 7,2368,8
θανάτῳ,in death,N-DMS,G2288,Mark 7,2369,8
τελευτάτω,must end,V-PMA-3S,G5053,Mark 7,2370,8
ὑμεῖς,You,PPro-N2P,G4771,Mark 7,2371,8
λέγετε,say that,V-PIA-2P,G3004,Mark 7,2372,8
Ἐὰν,if,Conj,G1437,Mark 7,2373,8
εἴπῃ,says,V-ASA-3S,G2036,Mark 7,2374,8
ἄνθρωπος,a man,N-NMS,G444,Mark 7,2375,8
τῷ,to the,Art-DMS,G3588,Mark 7,2376,8
πατρὶ,father,N-DMS,G3962,Mark 7,2377,8
τῇ,the,Art-DFS,G3588,Mark 7,2378,8
μητρί,mother,N-DFS,G3384,Mark 7,2379,8
Κορβᾶν,It is Corban,N-NMS,G2878,Mark 7,2380,8
ὅ,that,RelPro-NNS,G3739,Mark 7,2381,8
Δῶρον,a gift,N-NNS,G1435,Mark 7,2382,8
Ὃ,whatever,RelPro-ANS,G3739,Mark 7,2383,8
ἐξ,from,Prep,G1537,Mark 7,2384,8
ὠφεληθῇς,you might be profited,V-ASP-2S,G5623,Mark 7,2385,8
οὐκέτι,no longer,Adv,G3765,Mark 7,2386,8
ἀφίετε,do you allow,V-PIA-2P,G863,Mark 7,2387,8
οὐδὲν,anything,Adj-ANS,G3762,Mark 7,2388,8
ποιῆσαι,to do,V-ANA,G4160,Mark 7,2389,8
ἀκυροῦντες,making void,V-PPA-NMP,G208,Mark 7,2390,8
λόγον,word,N-AMS,G3056,Mark 7,2391,8
παραδόσει,tradition,N-DFS,G3862,Mark 7,2392,8
ᾗ,which,RelPro-DFS,G3739,Mark 7,2393,8
παρεδώκατε,you have handed down,V-AIA-2P,G3860,Mark 7,2394,8
πολλὰ,many,Adj-ANP,G4183,Mark 7,2395,8
ποιεῖτε,you do,V-PIA-2P,G4160,Mark 7,2396,8
προσκαλεσάμενος,having called to Him,V-APM-NMS,G4341,Mark 7,2397,8
πάλιν,again,Adv,G3825,Mark 7,2398,8
ὄχλον,crowd,N-AMS,G3793,Mark 7,2399,8
Ἀκούσατέ,Listen to,V-AMA-2P,G191,Mark 7,2400,8
μου,Me,PPro-G1S,G1473,Mark 7,2401,8
σύνετε,understand,V-AMA-2P,G4920,Mark 7,2402,8
οὐδέν,Nothing,Adj-NNS,G3762,Mark 7,2403,8
ἔξωθεν,from outside,Prep,G1855,Mark 7,2404,8
ἀνθρώπου,man,N-GMS,G444,Mark 7,2405,8
εἰσπορευόμενον,entering,V-PPM/P-NNS,G1531,Mark 7,2406,8
εἰς,into,Prep,G1519,Mark 7,2407,8
ὃ,which,RelPro-NNS,G3739,Mark 7,2408,8
δύναται,is able,V-PIM/P-3S,G1410,Mark 7,2409,8
κοινῶσαι,to defile,V-ANA,G2840,Mark 7,2410,8
αὐτόν,him,PPro-AM3S,G846,Mark 7,2411,8
τὰ,the things,Art-NNP,G3588,Mark 7,2412,8
ἐκ,out of,Prep,G1537,Mark 7,2413,8
ἐκπορευόμενά,proceeding,V-PPM/P-NNP,G1607,Mark 7,2414,8
κοινοῦντα,defiling,V-PPA-NNP,G2840,Mark 7,2415,8
ἄνθρωπον,man,N-AMS,G444,Mark 7,2416,8
Εἴ,If,Conj,G1487,Mark 7,2417,8
τις,anyone,IPro-NMS,G5101,Mark 7,2418,8
ἔχει,has,V-PIA-3S,G2192,Mark 7,2419,8
ὦτα,ears,N-NNP,G3775,Mark 7,2420,8
ἀκούειν,to hear,V-PNA,G191,Mark 7,2421,8
ἀκουέτω,let him hear,V-PMA-3S,G191,Mark 7,2422,8
ὅτε,when,Adv,G3753,Mark 7,2423,8
εἰσῆλθεν,He went,V-AIA-3S,G1525,Mark 7,2424,8
οἶκον,the house,N-AMS,G3624,Mark 7,2425,8
ὄχλου,crowd,N-GMS,G3793,Mark 7,2426,8
ἐπηρώτων,were asking,V-IIA-3P,G1905,Mark 7,2427,8
μαθηταὶ,disciples,N-NMP,G3101,Mark 7,2428,8
παραβολήν,parable,N-AFS,G3850,Mark 7,2429,8
λέγει,He says,V-PIA-3S,G3004,Mark 7,2430,8
Οὕτως,Thus,Adv,G3779,Mark 7,2431,8
ἀσύνετοί,without understanding,Adj-NMP,G801,Mark 7,2432,8
ἐστε,are,V-PIA-2P,G1510,Mark 7,2433,8
νοεῖτε,understand you,V-PIA-2P,G3539,Mark 7,2434,8
πᾶν,everything,Adj-NNS,G3956,Mark 7,2435,8
τὸ,-,Art-NNS,G3588,Mark 7,2436,8
ἔξωθεν,from outside,Adv,G1855,Mark 7,2437,8
εἰσπορεύεται,it enters,V-PIM/P-3S,G1531,Mark 7,2438,8
καρδίαν,heart,N-AFS,G2588,Mark 7,2439,8
ἀλλ,but,Conj,G235,Mark 7,2440,8
κοιλίαν,belly,N-AFS,G2836,Mark 7,2441,8
ἀφεδρῶνα,sewer,N-AMS,G856,Mark 7,2442,8
ἐκπορεύεται,goes out,V-PIM/P-3S,G1607,Mark 7,2443,8
καθαρίζων,purifying,V-PPA-NMS,G2511,Mark 7,2444,8
πάντα,all,Adj-ANP,G3956,Mark 7,2445,8
τὰ,the,Art-ANP,G3588,Mark 7,2446,8
βρώματα,food,N-ANP,G1033,Mark 7,2447,8
Ἔλεγεν,He was saying,V-IIA-3S,G2036,Mark 7,2448,8
Τὸ,That,Art-NNS,G3588,Mark 7,2449,8
ἐκπορευόμενον,going forth,V-PPM/P-NNS,G1607,Mark 7,2450,8
ἐκεῖνο,that,DPro-NNS,G1565,Mark 7,2451,8
κοινοῖ,defiles,V-PIA-3S,G2840,Mark 7,2452,8
ἔσωθεν,Within,Adv,G2081,Mark 7,2453,8
τῆς,the,Art-GFS,G3588,Mark 7,2454,8
καρδίας,heart,N-GFS,G2588,Mark 7,2455,8
διαλογισμοὶ,thoughts,N-NMP,G1261,Mark 7,2456,8
κακοὶ,evil,Adj-NMP,G2556,Mark 7,2457,8
ἐκπορεύονται,go forth,V-PIM/P-3P,G1607,Mark 7,2458,8
πορνεῖαι,sexual immorality,N-NFP,G4202,Mark 7,2459,8
κλοπαί,thefts,N-NFP,G2829,Mark 7,2460,8
φόνοι,murders,N-NMP,G5408,Mark 7,2461,8
μοιχεῖαι,adulteries,N-NFP,G3430,Mark 7,2462,8
πλεονεξίαι,covetous desires,N-NFP,G4124,Mark 7,2463,8
πονηρίαι,wickednesses,N-NFP,G4189,Mark 7,2464,8
δόλος,deceit,N-NMS,G1388,Mark 7,2465,8
ἀσέλγεια,sensuality,N-NFS,G766,Mark 7,2466,8
ὀφθαλμὸς,an eye,N-NMS,G3788,Mark 7,2467,8
πονηρός,evil,Adj-NMS,G4190,Mark 7,2468,8
βλασφημία,slander,N-NFS,G988,Mark 7,2469,8
ὑπερηφανία,pride,N-NFS,G5243,Mark 7,2470,8
ἀφροσύνη,foolishness,N-NFS,G877,Mark 7,2471,8
πάντα,All,Adj-NNP,G3956,Mark 7,2472,8
ταῦτα,these,DPro-NNP,G3778,Mark 7,2473,8
πονηρὰ,evils,Adj-NNP,G4190,Mark 7,2474,8
Ἐκεῖθεν,From there,Adv,G1564,Mark 7,2475,8
ἀναστὰς,having risen up,V-APA-NMS,G450,Mark 7,2476,8
ἀπῆλθεν,He went away,V-AIA-3S,G565,Mark 7,2477,8
ὅρια,region,N-ANP,G3725,Mark 7,2478,8
Τύρου,of Tyre,N-GFS,G5184,Mark 7,2479,8
καὶ,and,Conj,G2532,Mark 7,2480,8
Σιδῶνος,Sidon,N-GFS,G4605,Mark 7,2481,8
εἰσελθὼν,having entered,V-APA-NMS,G1525,Mark 7,2482,8
οἰκίαν,a house,N-AFS,G3614,Mark 7,2483,8
οὐδένα,no one,Adj-AMS,G3762,Mark 7,2484,8
ἤθελεν,He was wishing,V-IIA-3S,G2309,Mark 7,2485,8
γνῶναι,to know it,V-ANA,G1097,Mark 7,2486,8
ἠδυνήθη,He was able,V-AIP-3S,G1410,Mark 7,2487,8
λαθεῖν,to be hidden,V-ANA,G2990,Mark 7,2488,8
εὐθὺς,immediately,Adv,G2112,Mark 7,2489,8
ἀκούσασα,having heard,V-APA-NFS,G191,Mark 7,2490,8
γυνὴ,a woman,N-NFS,G1135,Mark 7,2491,8
ἧς,of whom,RelPro-GFS,G3739,Mark 7,2492,8
εἶχεν,had,V-IIA-3S,G2192,Mark 7,2493,8
θυγάτριον,little daughter,N-NNS,G2365,Mark 7,2494,8
αὐτῆς,of her,PPro-GF3S,G846,Mark 7,2495,8
πνεῦμα,spirit,N-ANS,G4151,Mark 7,2496,8
ἀκάθαρτον,unclean,Adj-ANS,G169,Mark 7,2497,8
ἐλθοῦσα,having come,V-APA-NFS,G2064,Mark 7,2498,8
προσέπεσεν,fell,V-AIA-3S,G4363,Mark 7,2499,8
πόδας,feet,N-AMP,G4228,Mark 7,2500,8
ἡ,-,Art-NFS,G3588,Mark 7,2501,8
ἦν,was,V-IIA-3S,G1510,Mark 7,2502,8
Ἑλληνίς,Gentile,N-NFS,G1674,Mark 7,2503,8
Συροφοινίκισσα,Syrophoenician,N-NFS,G4949,Mark 7,2504,8
τῷ,by,Art-DNS,G3588,Mark 7,2505,8
γένει,race,N-DNS,G1085,Mark 7,2506,8
ἠρώτα,kept asking,V-IIA-3S,G2065,Mark 7,2507,8
τὸ,the,Art-ANS,G3588,Mark 7,2508,8
δαιμόνιον,demon,N-ANS,G1140,Mark 7,2509,8
ἐκβάλῃ,He should cast forth,V-ASA-3S,G1544,Mark 7,2510,8
θυγατρὸς,daughter,N-GFS,G2364,Mark 7,2511,8
αὐτῇ,to her,PPro-DF3S,G846,Mark 7,2512,8
Ἄφες,Permit,V-AMA-2S,G863,Mark 7,2513,8
πρῶτον,first,Adv-S,G4412,Mark 7,2514,8
χορτασθῆναι,to be satisfied,V-ANP,G5526,Mark 7,2515,8
τέκνα,children,N-ANP,G5043,Mark 7,2516,8
γάρ,for,Conj,G1063,Mark 7,2517,8
ἐστιν ,it is,V-PIA-3S,G1510,Mark 7,2518,8
καλόν,good,Adj-NNS,G2570,Mark 7,2519,8
λαβεῖν,to take,V-ANA,G2983,Mark 7,2520,8
τῶν,of the,Art-GNP,G3588,Mark 7,2521,8
τέκνων,children,N-GNP,G5043,Mark 7,2522,8
κυναρίοις,dogs,N-DNP,G2952,Mark 7,2523,8
βαλεῖν,to cast it,V-ANA,G906,Mark 7,2524,8
ἀπεκρίθη,she answered,V-AIP-3S,G611,Mark 7,2525,8
αὐτῷ,to Him,PPro-DM3S,G846,Mark 7,2526,8
Ναί,Yes,Prtcl,G3483,Mark 7,2527,8
Κύριε,Lord,N-VMS,G2962,Mark 7,2528,8
κυνάρια,dogs,N-NNP,G2952,Mark 7,2529,8
ὑποκάτω,under,Prep,G5270,Mark 7,2530,8
τραπέζης,table,N-GFS,G5132,Mark 7,2531,8
ψιχίων,crumbs,N-GNP,G5589,Mark 7,2532,8
παιδίων,children,N-GNP,G3813,Mark 7,2533,8
τοῦτον,this,DPro-AMS,G3778,Mark 7,2534,8
ὕπαγε,go,V-PMA-2S,G5217,Mark 7,2535,8
ἐξελήλυθεν,has gone forth,V-RIA-3S,G1831,Mark 7,2536,8
θυγατρός,daughter,N-GFS,G2364,Mark 7,2537,8
δαιμόνιον,demon,N-NNS,G1140,Mark 7,2538,8
ἀπελθοῦσα,having gone away,V-APA-NFS,G565,Mark 7,2539,8
εὗρεν,she found,V-AIA-3S,G2147,Mark 7,2540,8
παιδίον,child,N-ANS,G3813,Mark 7,2541,8
βεβλημένον,lying,V-RPM/P-ANS,G906,Mark 7,2542,8
ἐπὶ,on,Prep,G1909,Mark 7,2543,8
κλίνην,bed,N-AFS,G2825,Mark 7,2544,8
ἐξεληλυθός,having gone out,V-RPA-ANS,G1831,Mark 7,2545,8
ἐξελθὼν,having departed,V-APA-NMS,G1831,Mark 7,2546,8
ὁρίων,region,N-GNP,G3725,Mark 7,2547,8
ἦλθεν,He came,V-AIA-3S,G2064,Mark 7,2548,8
διὰ,through,Prep,G1223,Mark 7,2549,8
Σιδῶνος,Sidon,N-GFS,G4605,Mark 7,2550,8
θάλασσαν,Sea,N-AFS,G2281,Mark 7,2551,8
Γαλιλαίας,of Galilee,N-GFS,G1056,Mark 7,2552,8
ἀνὰ,through,Prep,G303,Mark 7,2553,8
μέσον,the midst,Adj-ANS,G3319,Mark 7,2554,8
Δεκαπόλεως,of the Decapolis,N-GFS,G1179,Mark 7,2555,8
φέρουσιν,they bring,V-PIA-3P,G5342,Mark 7,2556,8
κωφὸν,a deaf man,Adj-AMS,G2974,Mark 7,2557,8
μογιλάλον,who spoke with difficulty,Adj-AMS,G3424,Mark 7,2558,8
παρακαλοῦσιν,they implore,V-PIA-3P,G3870,Mark 7,2559,8
ἐπιθῇ,He might lay,V-ASA-3S,G2007,Mark 7,2560,8
χεῖρα,hand,N-AFS,G5495,Mark 7,2561,8
ἀπολαβόμενος,having taken away,V-APM-NMS,G618,Mark 7,2562,8
κατ,aside,Prep,G2596,Mark 7,2563,8
ἰδίαν,privately,Adj-AFS,G2398,Mark 7,2564,8
ἔβαλεν,He put,V-AIA-3S,G906,Mark 7,2565,8
δακτύλους,fingers,N-AMP,G1147,Mark 7,2566,8
ὦτα,ears,N-ANP,G3775,Mark 7,2567,8
πτύσας,having spit,V-APA-NMS,G4429,Mark 7,2568,8
ἥψατο,He touched,V-AIM-3S,G680,Mark 7,2569,8
γλώσσης,tongue,N-GFS,G1100,Mark 7,2570,8
ἀναβλέψας,having looked up,V-APA-NMS,G308,Mark 7,2571,8
οὐρανὸν,heaven,N-AMS,G3772,Mark 7,2572,8
ἐστέναξεν,He sighed deeply,V-AIA-3S,G4727,Mark 7,2573,8
Ἐφφαθά,Ephphatha,V-AMP-2S,G2188,Mark 7,2574,8
Διανοίχθητι,Be opened,V-AMP-2S,G1272,Mark 7,2575,8
ἠνοίγησαν,were opened,V-AIP-3P,G455,Mark 7,2576,8
αἱ,-,Art-NFP,G3588,Mark 7,2577,8
ἀκοαί,ears,N-NFP,G189,Mark 7,2578,8
καὶ» ,and,Conj,G2532,Mark 7,2579,8
ἐλύθη,was loosed,V-AIP-3S,G3089,Mark 7,2580,8
δεσμὸς,band,N-NMS,G1199,Mark 7,2581,8
ἐλάλει,he began speaking,V-IIA-3S,G2980,Mark 7,2582,8
ὀρθῶς,plainly,Adv,G3723,Mark 7,2583,8
διεστείλατο,He instructed,V-AIM-3S,G1291,Mark 7,2584,8
μηδενὶ,no one,Adj-DMS,G3367,Mark 7,2585,8
λέγωσιν,they should tell,V-PSA-3P,G3004,Mark 7,2586,8
ὅσον,As much as,RelPro-ANS,G3745,Mark 7,2587,8
διεστέλλετο,kept instructing,V-IIM-3S,G1291,Mark 7,2588,8
αὐτοὶ,them,PPro-NM3P,G846,Mark 7,2589,8
μᾶλλον,more,Adv,G3123,Mark 7,2590,8
περισσότερον,abundantly,Adv,G4053,Mark 7,2591,8
ἐκήρυσσον,they were proclaiming it,V-IIA-3P,G2784,Mark 7,2592,8
ὑπερπερισσῶς,above measure,Adv,G5249,Mark 7,2593,8
ἐξεπλήσσοντο,they were astonished,V-IIM/P-3P,G1605,Mark 7,2594,8
λέγοντες,saying,V-PPA-NMP,G3004,Mark 7,2595,8
πεποίηκεν,He has done,V-RIA-3S,G4160,Mark 7,2596,8
κωφοὺς,deaf,Adj-AMP,G2974,Mark 7,2597,8
ποιεῖ,He makes,V-PIA-3S,G4160,Mark 7,2598,8
τοὺς,the,Art-AMP,G3588,Mark 7,2599,8
ἀλάλους,mute,Adj-AMP,G216,Mark 7,2600,8
λαλεῖν,to speak,V-PNA,G2980,Mark 7,2601,8
Ἐν,In,Prep,G1722,Mark 8,2602,8
ἐκείναις,those,DPro-DFP,G1565,Mark 8,2603,8
ταῖς,-,Art-DFP,G3588,Mark 8,2604,8
ἡμέραις,days,N-DFP,G2250,Mark 8,2605,8
πάλιν,again,Adv,G3825,Mark 8,2606,8
πολλοῦ,great,Adj-GMS,G4183,Mark 8,2607,8
ὄχλου,the crowd,N-GMS,G3793,Mark 8,2608,8
ὄντος,being,V-PPA-GMS,G1510,Mark 8,2609,8
καὶ,and,Conj,G2532,Mark 8,2610,8
μὴ,not,Adv,G3361,Mark 8,2611,8
ἐχόντων,having,V-PPA-GMP,G2192,Mark 8,2612,8
τί,what,IPro-ANS,G5101,Mark 8,2613,8
φάγωσιν,they might eat,V-ASA-3P,G5315,Mark 8,2614,8
προσκαλεσάμενος,having called to Him,V-APM-NMS,G4341,Mark 8,2615,8
τοὺς,the,Art-AMP,G3588,Mark 8,2616,8
μαθητὰς,disciples,N-AMP,G3101,Mark 8,2617,8
λέγει,He says,V-PIA-3S,G3004,Mark 8,2618,8
αὐτοῖς,to them,PPro-DM3P,G846,Mark 8,2619,8
Σπλαγχνίζομαι,I am moved with compassion,V-PIM/P-1S,G4697,Mark 8,2620,8
ἐπὶ,upon,Prep,G1909,Mark 8,2621,8
τὸν,the,Art-AMS,G3588,Mark 8,2622,8
ὄχλον,crowd,N-AMS,G3793,Mark 8,2623,8
ὅτι,because,Conj,G3754,Mark 8,2624,8
ἤδη,already,Adv,G2235,Mark 8,2625,8
ἡμέραι,days,N-NFP,G2250,Mark 8,2626,8
τρεῖς,three,Adj-NFP,G5140,Mark 8,2627,8
προσμένουσίν,they continue,V-PIA-3P,G4357,Mark 8,2628,8
μοι,with Me,PPro-D1S,G1473,Mark 8,2629,8
οὐκ,nothing,Adv,G3756,Mark 8,2630,8
ἔχουσιν,have,V-PIA-3P,G2192,Mark 8,2631,8
ἐὰν,if,Conj,G1437,Mark 8,2632,8
ἀπολύσω,I shall send away,V-ASA-1S,G630,Mark 8,2633,8
αὐτοὺς,them,PPro-AM3P,G846,Mark 8,2634,8
νήστεις,hungry,Adj-AMP,G3523,Mark 8,2635,8
εἰς,to,Prep,G1519,Mark 8,2636,8
οἶκον,the homes,N-AMS,G3624,Mark 8,2637,8
αὐτῶν,of them,PPro-GM3P,G846,Mark 8,2638,8
ἐκλυθήσονται,they will faint,V-FIP-3P,G1590,Mark 8,2639,8
ἐν,on,Prep,G1722,Mark 8,2640,8
τῇ,the,Art-DFS,G3588,Mark 8,2641,8
ὁδῷ,way,N-DFS,G3598,Mark 8,2642,8
καί,For,Conj,G2532,Mark 8,2643,8
τινες,some,IPro-NMP,G5100,Mark 8,2644,8
ἀπὸ,from,Prep,G575,Mark 8,2645,8
μακρόθεν,afar,Adv,G3113,Mark 8,2646,8
ἥκασιν,are come,V-RIA-3P,G2240,Mark 8,2647,8
Καὶ,And,Conj,G2532,Mark 8,2648,8
ἀπεκρίθησαν,answered,V-AIP-3P,G611,Mark 8,2649,8
αὐτῷ,Him,PPro-DM3S,G846,Mark 8,2650,8
οἱ,the,Art-NMP,G3588,Mark 8,2651,8
μαθηταὶ,disciples,N-NMP,G3101,Mark 8,2652,8
αὐτοῦ,of Him,PPro-GM3S,G846,Mark 8,2653,8
Πόθεν,From where,Adv,G4159,Mark 8,2654,8
τούτους,these,DPro-AMP,G3778,Mark 8,2655,8
δυνήσεταί,will be able,V-FIM-3S,G1410,Mark 8,2656,8
τις,anyone,IPro-NMS,G5100,Mark 8,2657,8
ὧδε,here,Adv,G5602,Mark 8,2658,8
χορτάσαι,to satisfy,V-ANA,G5526,Mark 8,2659,8
ἄρτων,with bread,N-GMP,G740,Mark 8,2660,8
ἐπ,in,Prep,G1909,Mark 8,2661,8
ἐρημίας,this desolate place,N-GFS,G2047,Mark 8,2662,8
ἠρώτα,He was asking,V-IIA-3S,G2065,Mark 8,2663,8
αὐτούς,them,PPro-AM3P,G846,Mark 8,2664,8
Πόσους,How many,IPro-AMP,G4214,Mark 8,2665,8
ἔχετε,have you,V-PIA-2P,G2192,Mark 8,2666,8
ἄρτους,loaves,N-AMP,G740,Mark 8,2667,8
Οἱ,-,Art-NMP,G3588,Mark 8,2668,8
δὲ,And,Conj,G1161,Mark 8,2669,8
εἶπαν,they said,V-AIA-3P,G2036,Mark 8,2670,8
Ἑπτά,Seven,Adj-AMP,G2033,Mark 8,2671,8
παραγγέλλει,He directs,V-PIA-3S,G3853,Mark 8,2672,8
τῷ,the,Art-DMS,G3588,Mark 8,2673,8
ὄχλῳ,crowd,N-DMS,G3793,Mark 8,2674,8
ἀναπεσεῖν,to recline,V-ANA,G377,Mark 8,2675,8
τῆς,the,Art-GFS,G3588,Mark 8,2676,8
γῆς,ground,N-GFS,G1093,Mark 8,2677,8
λαβὼν,having taken,V-APA-NMS,G2983,Mark 8,2678,8
ἑπτὰ,seven,Adj-AMP,G2033,Mark 8,2679,8
εὐχαριστήσας,having given thanks,V-APA-NMS,G2168,Mark 8,2680,8
ἔκλασεν,He broke them,V-AIA-3S,G2806,Mark 8,2681,8
ἐδίδου,kept giving them,V-IIA-3S,G1325,Mark 8,2682,8
τοῖς,to,Art-DMP,G3588,Mark 8,2683,8
μαθηταῖς,disciples,N-DMP,G3101,Mark 8,2684,8
ἵνα,that,Conj,G2443,Mark 8,2685,8
παρατιθῶσιν,they might set before them,V-PSA-3P,G3908,Mark 8,2686,8
παρέθηκαν,they set it before,V-AIA-3P,G3908,Mark 8,2687,8
εἶχον,they had,V-IIA-3P,G2192,Mark 8,2688,8
ἰχθύδια,small fish,N-ANP,G2485,Mark 8,2689,8
ὀλίγα,a few,Adj-ANP,G3641,Mark 8,2690,8
εὐλογήσας,having blessed,V-APA-NMS,G2127,Mark 8,2691,8
αὐτὰ,them,PPro-AN3P,G846,Mark 8,2692,8
εἶπεν,He ordered,V-AIA-3S,G2036,Mark 8,2693,8
ταῦτα,these,DPro-ANP,G3778,Mark 8,2694,8
παρατιθέναι,to be set before them,V-PNA,G3908,Mark 8,2695,8
ἔφαγον,they ate,V-AIA-3P,G5315,Mark 8,2696,8
ἐχορτάσθησαν,were satisfied,V-AIP-3P,G5526,Mark 8,2697,8
ἦραν,they took up,V-AIA-3P,G142,Mark 8,2698,8
περισσεύματα,over and above,N-ANP,G4051,Mark 8,2699,8
κλασμάτων,of fragments,N-GNP,G2801,Mark 8,2700,8
ἑπτὰ,seven,Adj-AFP,G2033,Mark 8,2701,8
σπυρίδας,baskets,N-AFP,G4711,Mark 8,2702,8
ἦσαν,There were,V-IIA-3P,G1510,Mark 8,2703,8
ὡς,about,Adv,G5613,Mark 8,2704,8
τετρακισχίλιοι,four thousand,Adj-NMP,G5070,Mark 8,2705,8
ἀπέλυσεν,He sent away,V-AIA-3S,G630,Mark 8,2706,8
εὐθὺς,immediately,Adv,G2112,Mark 8,2707,8
ἐμβὰς,having entered,V-APA-NMS,G1684,Mark 8,2708,8
τὸ,the,Art-ANS,G3588,Mark 8,2709,8
πλοῖον,boat,N-ANS,G4143,Mark 8,2710,8
μετὰ,with,Prep,G3326,Mark 8,2711,8
τῶν,the,Art-GMP,G3588,Mark 8,2712,8
μαθητῶν,disciples,N-GMP,G3101,Mark 8,2713,8
ἦλθεν,He came,V-AIA-3S,G2064,Mark 8,2714,8
τὰ,the,Art-ANP,G3588,Mark 8,2715,8
μέρη,district,N-ANP,G3313,Mark 8,2716,8
Δαλμανουθά,of Dalmanutha,N-GFS,G1148,Mark 8,2717,8
ἐξῆλθον,went out,V-AIA-3P,G1831,Mark 8,2718,8
Φαρισαῖοι,Pharisees,N-NMP,G5330,Mark 8,2719,8
ἤρξαντο,began,V-AIM-3P,G756,Mark 8,2720,8
συζητεῖν,to dispute with,V-PNA,G4802,Mark 8,2721,8
ζητοῦντες,seeking,V-PPA-NMP,G2212,Mark 8,2722,8
παρ,from,Prep,G3844,Mark 8,2723,8
σημεῖον,a sign,N-ANS,G4592,Mark 8,2724,8
τοῦ,-,Art-GMS,G3588,Mark 8,2725,8
οὐρανοῦ,heaven,N-GMS,G3772,Mark 8,2726,8
πειράζοντες,testing,V-PPA-NMP,G3985,Mark 8,2727,8
αὐτόν,Him,PPro-AM3S,G846,Mark 8,2728,8
ἀναστενάξας,having sighed deeply,V-APA-NMS,G389,Mark 8,2729,8
τῷ,in the,Art-DNS,G3588,Mark 8,2730,8
πνεύματι,spirit,N-DNS,G4151,Mark 8,2731,8
Τί,Why,IPro-ANS,G5101,Mark 8,2732,8
ἡ,the,Art-NFS,G3588,Mark 8,2733,8
γενεὰ,generation,N-NFS,G1074,Mark 8,2734,8
αὕτη,this,DPro-NFS,G3778,Mark 8,2735,8
ζητεῖ,seeks,V-PIA-3S,G2212,Mark 8,2736,8
ἀμὴν,Truly,Heb,G281,Mark 8,2737,8
λέγω,I say,V-PIA-1S,G3004,Mark 8,2738,8
ὑμῖν,to you,PPro-D2P,G4771,Mark 8,2739,8
εἰ,if,Conj,G1487,Mark 8,2740,8
δοθήσεται,there will be given,V-FIP-3S,G1325,Mark 8,2741,8
γενεᾷ,generation,N-DFS,G1074,Mark 8,2742,8
ταύτῃ,this,DPro-DFS,G3778,Mark 8,2743,8
σημεῖον,a sign,N-NNS,G4592,Mark 8,2744,8
ἀφεὶς,having left,V-APA-NMS,G863,Mark 8,2745,8
ἀπῆλθεν,He went away,V-AIA-3S,G565,Mark 8,2746,8
πέραν,other side,Adv,G4008,Mark 8,2747,8
ἐπελάθοντο,they forgot,V-AIM-3P,G1950,Mark 8,2748,8
λαβεῖν,to take,V-ANA,G2983,Mark 8,2749,8
ἕνα,one,Adj-AMS,G1520,Mark 8,2750,8
ἄρτον,loaf,N-AMS,G740,Mark 8,2751,8
εἶχον,they had,V-IIA-3P,G2192,Mark 8,2752,8
μεθ,with,Prep,G3326,Mark 8,2753,8
ἑαυτῶν,them,RefPro-GM3P,G1438,Mark 8,2754,8
πλοίῳ,boat,N-DNS,G4143,Mark 8,2755,8
διεστέλλετο,He was instructing,V-IIM-3S,G1291,Mark 8,2756,8
λέγων,saying,V-PPA-NMS,G3004,Mark 8,2757,8
Ὁρᾶτε,Watch out,V-PMA-2P,G3708,Mark 8,2758,8
βλέπετε,take heed,V-PMA-2P,G991,Mark 8,2759,8
ζύμης,leaven,N-GFS,G2219,Mark 8,2760,8
Φαρισαίων,Pharisees,N-GMP,G5330,Mark 8,2761,8
Ἡρῴδου,of Herod,N-GMS,G2264,Mark 8,2762,8
διελογίζοντο,they were reasoning,V-IIM/P-3P,G1260,Mark 8,2763,8
πρὸς,with,Prep,G4314,Mark 8,2764,8
ἀλλήλους,one another,RecPro-AMP,G240,Mark 8,2765,8
γνοὺς,having known it,V-APA-NMS,G1097,Mark 8,2766,8
διαλογίζεσθε,reason you,V-PIM/P-2P,G1260,Mark 8,2767,8
οὔπω,Not yet,Adv,G3768,Mark 8,2768,8
νοεῖτε,do you perceive,V-PIA-2P,G3539,Mark 8,2769,8
οὐδὲ,nor,Conj,G3761,Mark 8,2770,8
συνίετε,understand,V-PIA-2P,G4920,Mark 8,2771,8
πεπωρωμένην,Hardened,V-RPM/P-AFS,G4456,Mark 8,2772,8
τὴν,the,Art-AFS,G3588,Mark 8,2773,8
καρδίαν,heart,N-AFS,G2588,Mark 8,2774,8
ὑμῶν,of you,PPro-G2P,G4771,Mark 8,2775,8
Ὀφθαλμοὺς,Eyes,N-AMP,G3788,Mark 8,2776,8
ἔχοντες,having,V-PPA-NMP,G2192,Mark 8,2777,8
οὐ,not,Adv,G3756,Mark 8,2778,8
βλέπετε,do you see,V-PIA-2P,G991,Mark 8,2779,8
ὦτα,ears,N-ANP,G3775,Mark 8,2780,8
ἀκούετε,do you hear,V-PIA-2P,G191,Mark 8,2781,8
μνημονεύετε,do you remember,V-PIA-2P,G3421,Mark 8,2782,8
ὅτε,When,Adv,G3753,Mark 8,2783,8
πέντε,five,Adj-AMP,G4002,Mark 8,2784,8
ἔκλασα,I broke,V-AIA-1S,G2806,Mark 8,2785,8
πεντακισχιλίους,five thousand,Adj-AMP,G4000,Mark 8,2786,8
πόσους,how many,IPro-AMP,G4214,Mark 8,2787,8
κοφίνους,hand-baskets,N-AMP,G2894,Mark 8,2788,8
πλήρεις,full,Adj-AMP,G4134,Mark 8,2789,8
ἤρατε,took you up,V-AIA-2P,G142,Mark 8,2790,8
Λέγουσιν,They say,V-PIA-3P,G3004,Mark 8,2791,8
Δώδεκα,Twelve,Adj-AMP,G1427,Mark 8,2792,8
Ὅτε,When,Adv,G3753,Mark 8,2793,8
καὶ,also,Conj,G2532,Mark 8,2794,8
τετρακισχιλίους,four thousand,Adj-AMP,G5070,Mark 8,2795,8
πόσων,of how many,IPro-GFP,G4214,Mark 8,2796,8
σπυρίδων,baskets,N-GFP,G4711,Mark 8,2797,8
πληρώματα,the fillings,N-ANP,G4138,Mark 8,2798,8
λέγουσιν,said,V-PIA-3P,G3004,Mark 8,2799,8
αὐτῷ,they,PPro-DM3S,G846,Mark 8,2800,8
Ἑπτά,Seven,Adj-AFP,G2033,Mark 8,2801,8
ἔλεγεν,He was saying,V-IIA-3S,G2036,Mark 8,2802,8
Οὔπω,Not yet,Adv,G3768,Mark 8,2803,8
ἔρχονται,they come,V-PIM/P-3P,G2064,Mark 8,2804,8
Βηθσαϊδάν,Bethsaida,N-AFS,G966,Mark 8,2805,8
φέρουσιν,they bring,V-PIA-3P,G5342,Mark 8,2806,8
τυφλὸν,a blind man,Adj-AMS,G5185,Mark 8,2807,8
παρακαλοῦσιν,implore,V-PIA-3P,G3870,Mark 8,2808,8
αὐτὸν,Him,PPro-AM3S,G846,Mark 8,2809,8
ἅψηται,He might touch,V-ASM-3S,G680,Mark 8,2810,8
ἐπιλαβόμενος,having taken hold of,V-APM-NMS,G1949,Mark 8,2811,8
χειρὸς,hand,N-GFS,G5495,Mark 8,2812,8
τυφλοῦ,blind man,Adj-GMS,G5185,Mark 8,2813,8
ἐξήνεγκεν,He led forth,V-AIA-3S,G1627,Mark 8,2814,8
ἔξω,out,Prep,G1854,Mark 8,2815,8
κώμης,village,N-GFS,G2968,Mark 8,2816,8
πτύσας,having spit,V-APA-NMS,G4429,Mark 8,2817,8
ὄμματα,eyes,N-ANP,G3659,Mark 8,2818,8
ἐπιθεὶς,having laid,V-APA-NMS,G2007,Mark 8,2819,8
τὰς,the,Art-AFP,G3588,Mark 8,2820,8
χεῖρας,hands,N-AFP,G5495,Mark 8,2821,8
ἐπηρώτα,He was asking,V-IIA-3S,G1905,Mark 8,2822,8
Εἴ,if,Conj,G1487,Mark 8,2823,8
τι,anything,IPro-ANS,G5100,Mark 8,2824,8
βλέπεις,you see,V-PIA-2S,G991,Mark 8,2825,8
ἀναβλέψας,having looked up,V-APA-NMS,G308,Mark 8,2826,8
Βλέπω,I see,V-PIA-1S,G991,Mark 8,2827,8
ἀνθρώπους,men,N-AMP,G444,Mark 8,2828,8
δένδρα,trees,N-ANP,G1186,Mark 8,2829,8
ὁρῶ,I see them,V-PIA-1S,G3708,Mark 8,2830,8
περιπατοῦντας,walking,V-PPA-AMP,G4043,Mark 8,2831,8
Εἶτα,Then,Adv,G1534,Mark 8,2832,8
ἐπέθηκεν,He laid,V-AIA-3S,G2007,Mark 8,2833,8
ὀφθαλμοὺς,eyes,N-AMP,G3788,Mark 8,2834,8
διέβλεψεν,he opened his eyes,V-AIA-3P,G1227,Mark 8,2835,8
ἀπεκατέστη,he was restored,V-AIA-3S,G600,Mark 8,2836,8
ἐνέβλεπεν,he began to see,V-IIA-3S,G1689,Mark 8,2837,8
τηλαυγῶς,clearly,Adv,G5081,Mark 8,2838,8
ἅπαντα,everything,Adj-ANP,G537,Mark 8,2839,8
ἀπέστειλεν,He sent,V-AIA-3S,G649,Mark 8,2840,8
Μηδὲ,Not,Conj,G3366,Mark 8,2841,8
κώμην,village,N-AFS,G2968,Mark 8,2842,8
εἰσέλθῃς,may you enter,V-ASA-2S,G1525,Mark 8,2843,8
μηδὲ,nor,Conj,G3366,Mark 8,2844,8
εἴπῃς,may tell it,V-ASA-2S,G2036,Mark 8,2845,8
τινὶ,to anyone,IPro-DMS,G5101,Mark 8,2846,8
κώμῃ,village,N-DFS,G2968,Mark 8,2847,8
ἐξῆλθεν,went forth,V-AIA-3S,G1831,Mark 8,2848,8
ὁ,-,Art-NMS,G3588,Mark 8,2849,8
Ἰησοῦς,Jesus,N-NMS,G2424,Mark 8,2850,8
κώμας,villages,N-AFP,G2968,Mark 8,2851,8
Καισαρείας,of Caesarea,N-GFS,G2542,Mark 8,2852,8
Φιλίππου,Philippi,N-GMS,G5376,Mark 8,2853,8
Τίνα,Whom,IPro-AMS,G5101,Mark 8,2854,8
με,Me,PPro-A1S,G1473,Mark 8,2855,8
ἄνθρωποι,men,N-NMP,G444,Mark 8,2856,8
εἶναι,to be,V-PNA,G1510,Mark 8,2857,8
λέγοντες,saying,V-PPA-NMP,G3004,Mark 8,2858,8
Ἰωάννην,John,N-AMS,G2491,Mark 8,2859,8
Βαπτιστήν,Baptist,N-AMS,G910,Mark 8,2860,8
ἄλλοι,others,Adj-NMP,G243,Mark 8,2861,8
Ἠλίαν,Elijah,N-AMS,G2243,Mark 8,2862,8
εἷς,one,Adj-NMS,G1520,Mark 8,2863,8
προφητῶν,prophets,N-GMP,G4396,Mark 8,2864,8
αὐτὸς,He,PPro-NM3S,G846,Mark 8,2865,8
Ὑμεῖς,You,PPro-N2P,G4771,Mark 8,2866,8
τίνα,whom,IPro-AMS,G5101,Mark 8,2867,8
λέγετε,do pronounce,V-PIA-2P,G3004,Mark 8,2868,8
Ἀποκριθεὶς,Answering,V-APP-NMS,G611,Mark 8,2869,8
Πέτρος,Peter,N-NMS,G4074,Mark 8,2870,8
Σὺ,You,PPro-N2S,G4771,Mark 8,2871,8
εἶ,are,V-PIA-2S,G1510,Mark 8,2872,8
Χριστός,Christ,N-NMS,G5547,Mark 8,2873,8
ἐπετίμησεν,He warned,V-AIA-3S,G2008,Mark 8,2874,8
μηδενὶ,no one,Adj-DMS,G3367,Mark 8,2875,8
λέγωσιν,they should tell,V-PSA-3P,G3004,Mark 8,2876,8
περὶ,concerning,Prep,G4012,Mark 8,2877,8
ἤρξατο,He began,V-AIM-3S,G756,Mark 8,2878,8
διδάσκειν,to teach,V-PNA,G1321,Mark 8,2879,8
δεῖ,it is necessary for,V-PIA-3S,G1163,Mark 8,2880,8
Υἱὸν,Son,N-AMS,G5207,Mark 8,2881,8
ἀνθρώπου,of Man,N-GMS,G444,Mark 8,2882,8
πολλὰ,many things,Adj-ANP,G4183,Mark 8,2883,8
παθεῖν,to suffer,V-ANA,G3958,Mark 8,2884,8
ἀποδοκιμασθῆναι,to be rejected,V-ANP,G593,Mark 8,2885,8
ὑπὸ,by,Prep,G5259,Mark 8,2886,8
πρεσβυτέρων,elders,Adj-GMP,G4245,Mark 8,2887,8
ἀρχιερέων,chief priests,N-GMP,G749,Mark 8,2888,8
γραμματέων,scribes,N-GMP,G1122,Mark 8,2889,8
ἀποκτανθῆναι,to be killed,V-ANP,G615,Mark 8,2890,8
τρεῖς,three,Adj-AFP,G5140,Mark 8,2891,8
ἡμέρας,days,N-AFP,G2250,Mark 8,2892,8
ἀναστῆναι,to rise again,V-ANA,G450,Mark 8,2893,8
παρρησίᾳ,openly,N-DFS,G3954,Mark 8,2894,8
λόγον,word,N-AMS,G3056,Mark 8,2895,8
ἐλάλει,He was speaking,V-IIA-3S,G2980,Mark 8,2896,8
προσλαβόμενος,having taken Him,V-APM-NMS,G4355,Mark 8,2897,8
ἐπιτιμᾶν,to rebuke,V-PNA,G2008,Mark 8,2898,8
Ὁ,-,Art-NMS,G3588,Mark 8,2899,8
ἐπιστραφεὶς,having turned,V-APP-NMS,G1994,Mark 8,2900,8
ἰδὼν,having looked upon,V-APA-NMS,G3708,Mark 8,2901,8
Πέτρῳ,Peter,N-DMS,G4074,Mark 8,2902,8
Ὕπαγε,Get,V-PMA-2S,G5217,Mark 8,2903,8
ὀπίσω,behind,Prep,G3694,Mark 8,2904,8
μου,Me,PPro-G1S,G1473,Mark 8,2905,8
Σατανᾶ,Satan,N-VMS,G4567,Mark 8,2906,8
φρονεῖς,you have in mind,V-PIA-2S,G5426,Mark 8,2907,8
Θεοῦ,of God,N-GMS,G2316,Mark 8,2908,8
ἀλλὰ,but,Conj,G235,Mark 8,2909,8
ἀνθρώπων,of men,N-GMP,G444,Mark 8,2910,8
σὺν,with,Prep,G4862,Mark 8,2911,8
θέλει,desires,V-PIA-3S,G2309,Mark 8,2912,8
ἐλθεῖν,to come,V-ANA,G2064,Mark 8,2913,8
ἀπαρνησάσθω,let him deny,V-AMM-3S,G533,Mark 8,2914,8
ἑαυτὸν,himself,RefPro-AM3S,G1438,Mark 8,2915,8
ἀράτω,let him take up,V-AMA-3S,G142,Mark 8,2916,8
σταυρὸν,cross,N-AMS,G4716,Mark 8,2917,8
ἀκολουθείτω,let him follow,V-PMA-3S,G190,Mark 8,2918,8
ὃς,Whoever,RelPro-NMS,G3739,Mark 8,2919,8
γὰρ,for,Conj,G1063,Mark 8,2920,8
θέλῃ,might desire,V-PSA-3S,G2309,Mark 8,2921,8
ψυχὴν,life,N-AFS,G5590,Mark 8,2922,8
σῶσαι,to save,V-ANA,G4982,Mark 8,2923,8
ἀπολέσει,will lose,V-FIA-3S,G622,Mark 8,2924,8
αὐτήν,it,PPro-AF3S,G846,Mark 8,2925,8
δ,now,Conj,G1161,Mark 8,2926,8
ἂν,-,Prtcl,G302,Mark 8,2927,8
ἕνεκεν,on account of,Prep,G1752,Mark 8,2928,8
ἐμοῦ,Me,PPro-G1S,G1473,Mark 8,2929,8
τοῦ,of the,Art-GNS,G3588,Mark 8,2930,8
εὐαγγελίου,gospel,N-GNS,G2098,Mark 8,2931,8
σώσει,he will save,V-FIA-3S,G4982,Mark 8,2932,8
Τί,What,IPro-NNS,G5101,Mark 8,2933,8
ὠφελεῖ,does it profit,V-PIA-3S,G5623,Mark 8,2934,8
ἄνθρωπον,a man,N-AMS,G444,Mark 8,2935,8
κερδῆσαι,to gain,V-ANA,G2770,Mark 8,2936,8
κόσμον,world,N-AMS,G2889,Mark 8,2937,8
ὅλον,whole,Adj-AMS,G3650,Mark 8,2938,8
ζημιωθῆναι,to lose,V-ANP,G2210,Mark 8,2939,8
δοῖ,shall give,V-ASA-3S,G1325,Mark 8,2940,8
ἄνθρωπος,a man,N-NMS,G444,Mark 8,2941,8
ἀντάλλαγμα,as an exchange,N-ANS,G465,Mark 8,2942,8
ψυχῆς,soul,N-GFS,G5590,Mark 8,2943,8
ἐπαισχυνθῇ,may be ashamed of,V-ASP-3S,G1870,Mark 8,2944,8
ἐμοὺς,My,PPro-AM1P,G1699,Mark 8,2945,8
λόγους,words,N-AMP,G3056,Mark 8,2946,8
μοιχαλίδι,adulterous,N-DFS,G3428,Mark 8,2947,8
ἁμαρτωλῷ,sinful,Adj-DFS,G268,Mark 8,2948,8
Υἱὸς,Son,N-NMS,G5207,Mark 8,2949,8
ἐπαισχυνθήσεται,will be ashamed of,V-FIP-3S,G1870,Mark 8,2950,8
ὅταν,when,Conj,G3752,Mark 8,2951,8
ἔλθῃ,He shall come,V-ASA-3S,G2064,Mark 8,2952,8
δόξῃ,glory,N-DFS,G1391,Mark 8,2953,8
Πατρὸς,Father,N-GMS,G3962,Mark 8,2954,8
ἀγγέλων,angels,N-GMP,G32,Mark 8,2955,8
ἁγίων,holy,Adj-GMP,G40,Mark 8,2956,8
Καὶ,And,Conj,G2532,Mark 9,2957,8
ἔλεγεν,He was saying,V-IIA-3S,G2036,Mark 9,2958,8
αὐτοῖς,to them,PPro-DM3P,G846,Mark 9,2959,8
Ἀμὴν,Truly,Heb,G281,Mark 9,2960,8
λέγω,I say,V-PIA-1S,G3004,Mark 9,2961,8
ὑμῖν,to you,PPro-D2P,G4771,Mark 9,2962,8
ὅτι,that,Conj,G3754,Mark 9,2963,8
εἰσίν,there are,V-PIA-3P,G1510,Mark 9,2964,8
τινες,some,IPro-NMP,G5100,Mark 9,2965,8
ὧδε ,here,Adv,G5602,Mark 9,2966,8
τῶν,of those,Art-GMP,G3588,Mark 9,2967,8
ἑστηκότων,standing,V-RPA-GMP,G2476,Mark 9,2968,8
οἵτινες,who,RelPro-NMP,G3748,Mark 9,2969,8
οὐ,no,Adv,G3756,Mark 9,2970,8
μὴ,not,Adv,G3361,Mark 9,2971,8
γεύσωνται,shall taste,V-ASM-3P,G1089,Mark 9,2972,8
θανάτου,of death,N-GMS,G2288,Mark 9,2973,8
ἕως,until,Conj,G2193,Mark 9,2974,8
ἂν,-,Prtcl,G302,Mark 9,2975,8
ἴδωσιν,they see,V-ASA-3P,G3708,Mark 9,2976,8
τὴν,the,Art-AFS,G3588,Mark 9,2977,8
βασιλείαν,kingdom,N-AFS,G932,Mark 9,2978,8
τοῦ,-,Art-GMS,G3588,Mark 9,2979,8
Θεοῦ,of God,N-GMS,G2316,Mark 9,2980,8
ἐληλυθυῖαν,having come,V-RPA-AFS,G2064,Mark 9,2981,8
ἐν,with,Prep,G1722,Mark 9,2982,8
δυνάμει,power,N-DFS,G1411,Mark 9,2983,8
μετὰ,after,Prep,G3326,Mark 9,2984,8
ἡμέρας,days,N-AFP,G2250,Mark 9,2985,8
ἓξ,six,Adj-AFP,G1803,Mark 9,2986,8
παραλαμβάνει,takes along,V-PIA-3S,G3880,Mark 9,2987,8
ὁ,-,Art-NMS,G3588,Mark 9,2988,8
Ἰησοῦς,Jesus,N-NMS,G2424,Mark 9,2989,8
τὸν,-,Art-AMS,G3588,Mark 9,2990,8
Πέτρον,Peter,N-AMS,G4074,Mark 9,2991,8
καὶ,and,Conj,G2532,Mark 9,2992,8
Ἰάκωβον,James,N-AMS,G2385,Mark 9,2993,8
τὸν,-,Art-AMS,G3588,Mark 9,2994,8
Ἰωάννην,John,N-AMS,G2491,Mark 9,2995,8
ἀναφέρει,brings up,V-PIA-3S,G399,Mark 9,2996,8
αὐτοὺς,them,PPro-AM3P,G846,Mark 9,2997,8
εἰς,into,Prep,G1519,Mark 9,2998,8
ὄρος,a mountain,N-ANS,G3735,Mark 9,2999,8
ὑψηλὸν,high,Adj-ANS,G5308,Mark 9,3000,8
κατ,apart,Prep,G2596,Mark 9,3001,8
ἰδίαν,themselves,Adj-AFS,G2398,Mark 9,3002,8
μόνους,alone,Adj-AMP,G3441,Mark 9,3003,8
μετεμορφώθη,He was transfigured,V-AIP-3S,G3339,Mark 9,3004,8
ἔμπροσθεν,before,Prep,G1715,Mark 9,3005,8
αὐτῶν,them,PPro-GM3P,G846,Mark 9,3006,8
τὰ,the,Art-NNP,G3588,Mark 9,3007,8
ἱμάτια,garments,N-NNP,G2440,Mark 9,3008,8
αὐτοῦ,of Him,PPro-GM3S,G846,Mark 9,3009,8
ἐγένετο,became,V-AIM-3S,G1096,Mark 9,3010,8
στίλβοντα,shining,V-PPA-NNP,G4744,Mark 9,3011,8
λευκὰ,white,Adj-NNP,G3022,Mark 9,3012,8
λίαν,exceedingly,Adv,G3029,Mark 9,3013,8
οἷα,such as,RelPro-ANP,G3634,Mark 9,3014,8
γναφεὺς,a launderer,N-NMS,G1102,Mark 9,3015,8
ἐπὶ,on,Prep,G1909,Mark 9,3016,8
τῆς,the,Art-GFS,G3588,Mark 9,3017,8
γῆς,earth,N-GFS,G1093,Mark 9,3018,8
δύναται,is able,V-PIM/P-3S,G1410,Mark 9,3019,8
οὕτως,thus,Adv,G3779,Mark 9,3020,8
λευκᾶναι,to whiten,V-ANA,G3021,Mark 9,3021,8
ὤφθη,appeared,V-AIP-3S,G3708,Mark 9,3022,8
Ἠλίας,Elijah,N-NMS,G2243,Mark 9,3023,8
σὺν,with,Prep,G4862,Mark 9,3024,8
Μωϋσεῖ,Moses,N-DMS,G3475,Mark 9,3025,8
ἦσαν,they were,V-IIA-3P,G1510,Mark 9,3026,8
συλλαλοῦντες,talking with,V-PPA-NMP,G4814,Mark 9,3027,8
τῷ,-,Art-DMS,G3588,Mark 9,3028,8
Ἰησοῦ,Jesus,N-DMS,G2424,Mark 9,3029,8
ἀποκριθεὶς,answering,V-APP-NMS,G611,Mark 9,3030,8
Πέτρος,Peter,N-NMS,G4074,Mark 9,3031,8
λέγει,says,V-PIA-3S,G3004,Mark 9,3032,8
Ῥαββί,Rabbi,N-VMS,G4461,Mark 9,3033,8
καλόν,good,Adj-NNS,G2570,Mark 9,3034,8
ἐστιν,it is,V-PIA-3S,G1510,Mark 9,3035,8
ἡμᾶς,for us,PPro-A1P,G1473,Mark 9,3036,8
ὧδε,here,Adv,G5602,Mark 9,3037,8
εἶναι,to be,V-PNA,G1510,Mark 9,3038,8
ποιήσωμεν,let us make,V-ASA-1P,G4160,Mark 9,3039,8
τρεῖς,three,Adj-AFP,G5140,Mark 9,3040,8
σκηνάς,tabernacles,N-AFP,G4633,Mark 9,3041,8
σοὶ,for You,PPro-D2S,G4771,Mark 9,3042,8
μίαν,one,Adj-AFS,G1520,Mark 9,3043,8
Ἠλίᾳ,for Elijah,N-DMS,G2243,Mark 9,3044,8
γὰρ,for,Conj,G1063,Mark 9,3045,8
ᾔδει,he knew,V-LIA-3S,G1492,Mark 9,3046,8
τί,what,IPro-ANS,G5101,Mark 9,3047,8
ἀποκριθῇ,he should say,V-ASP-3S,G611,Mark 9,3048,8
ἔκφοβοι,terrified,Adj-NMP,G1630,Mark 9,3049,8
ἐγένοντο,they were,V-AIM-3P,G1096,Mark 9,3050,8
νεφέλη,a cloud,N-NFS,G3507,Mark 9,3051,8
ἐπισκιάζουσα,overshadowing,V-PPA-NFS,G1982,Mark 9,3052,8
φωνὴ,a voice,N-NFS,G5456,Mark 9,3053,8
ἐκ,out of,Prep,G1537,Mark 9,3054,8
νεφέλης,cloud,N-GFS,G3507,Mark 9,3055,8
Οὗτός,This,DPro-NMS,G3778,Mark 9,3056,8
Υἱός,Son,N-NMS,G5207,Mark 9,3057,8
μου,of Me,PPro-G1S,G1473,Mark 9,3058,8
ἀγαπητός,beloved,Adj-NMS,G27,Mark 9,3059,8
ἀκούετε,listen you,V-PMA-2P,G191,Mark 9,3060,8
ἐξάπινα,suddenly,Adv,G1819,Mark 9,3061,8
περιβλεψάμενοι,having looked around,V-APM-NMP,G4017,Mark 9,3062,8
οὐκέτι,no longer,Adv,G3765,Mark 9,3063,8
οὐδένα,no one,Adj-AMS,G3762,Mark 9,3064,8
εἶδον,they saw,V-AIA-3P,G3708,Mark 9,3065,8
ἀλλὰ,except,Conj,G235,Mark 9,3066,8
Ἰησοῦν,Jesus,N-AMS,G2424,Mark 9,3067,8
μόνον,alone,Adv,G3440,Mark 9,3068,8
μεθ,with,Prep,G3326,Mark 9,3069,8
ἑαυτῶν,them,RefPro-GM3P,G1438,Mark 9,3070,8
καταβαινόντων,descending,V-PPA-GMP,G2597,Mark 9,3071,8
τοῦ,the,Art-GNS,G3588,Mark 9,3072,8
ὄρους,mountain,N-GNS,G3735,Mark 9,3073,8
διεστείλατο,He instructed,V-AIM-3S,G1291,Mark 9,3074,8
ἵνα,that,Conj,G2443,Mark 9,3075,8
μηδενὶ,to no one,Adj-DMS,G3367,Mark 9,3076,8
ἃ,what,RelPro-ANP,G3739,Mark 9,3077,8
διηγήσωνται,they should tell,V-ASM-3P,G1334,Mark 9,3078,8
εἰ,if,Conj,G1487,Mark 9,3079,8
ὅταν,until,Conj,G3752,Mark 9,3080,8
Υἱὸς,Son,N-NMS,G5207,Mark 9,3081,8
ἀνθρώπου,of Man,N-GMS,G444,Mark 9,3082,8
νεκρῶν,the dead,Adj-GMP,G3498,Mark 9,3083,8
ἀναστῇ,had risen,V-ASA-3S,G450,Mark 9,3084,8
λόγον,saying,N-AMS,G3056,Mark 9,3085,8
ἐκράτησαν,they kept,V-AIA-3P,G2902,Mark 9,3086,8
πρὸς,among,Prep,G4314,Mark 9,3087,8
ἑαυτοὺς,themselves,RefPro-AM3P,G1438,Mark 9,3088,8
συζητοῦντες,questioning,V-PPA-NMP,G4802,Mark 9,3089,8
τί,what,IPro-NNS,G5101,Mark 9,3090,8
τὸ,-,Art-NNS,G3588,Mark 9,3091,8
ἀναστῆναι,to rise,V-ANA,G450,Mark 9,3092,8
ἐπηρώτων,they were asking,V-IIA-3P,G1905,Mark 9,3093,8
αὐτὸν,Him,PPro-AM3S,G846,Mark 9,3094,8
λέγοντες,saying,V-PPA-NMP,G3004,Mark 9,3095,8
Ὅτι,-,Conj,G3754,Mark 9,3096,8
Λέγουσιν,Say,V-PIA-3P,G3004,Mark 9,3097,8
οἱ,the,Art-NMP,G3588,Mark 9,3098,8
γραμματεῖς,scribes,N-NMP,G1122,Mark 9,3099,8
Ἠλίαν,Elijah,N-AMS,G2243,Mark 9,3100,8
δεῖ,it behooves,V-PIA-3S,G1163,Mark 9,3101,8
ἐλθεῖν,to come,V-ANA,G2064,Mark 9,3102,8
πρῶτον,first,Adv-S,G4412,Mark 9,3103,8
Ὁ,-,Art-NMS,G3588,Mark 9,3104,8
δὲ,And,Conj,G1161,Mark 9,3105,8
ἔφη,He was saying,V-IIA-3S,G5346,Mark 9,3106,8
μὲν,indeed,Prtcl,G3303,Mark 9,3107,8
ἐλθὼν,having come,V-APA-NMS,G2064,Mark 9,3108,8
ἀποκαθιστάνει,restores,V-PIA-3S,G600,Mark 9,3109,8
πάντα,all things,Adj-ANP,G3956,Mark 9,3110,8
πῶς,how,Adv,G4459,Mark 9,3111,8
γέγραπται,has it been written,V-RIM/P-3S,G1125,Mark 9,3112,8
Υἱὸν,Son,N-AMS,G5207,Mark 9,3113,8
πολλὰ,many things,Adj-ANP,G4183,Mark 9,3114,8
πάθῃ,He should suffer,V-ASA-3S,G3958,Mark 9,3115,8
ἐξουδενηθῇ,be set at naught,V-ASP-3S,G1847,Mark 9,3116,8
ἐλήλυθεν,has come,V-RIA-3S,G2064,Mark 9,3117,8
ἐποίησαν,they did,V-AIA-3P,G4160,Mark 9,3118,8
αὐτῷ,to him,PPro-DM3S,G846,Mark 9,3119,8
ὅσα,whatever,RelPro-ANP,G3745,Mark 9,3120,8
ἤθελον,they desired,V-IIA-3P,G2309,Mark 9,3121,8
καθὼς,as,Adv,G2531,Mark 9,3122,8
ἐπ,of,Prep,G1909,Mark 9,3123,8
αὐτόν,him,PPro-AM3S,G846,Mark 9,3124,8
ἐλθόντες,having come,V-APA-NMP,G2064,Mark 9,3125,8
τοὺς,the,Art-AMP,G3588,Mark 9,3126,8
μαθητὰς,disciples,N-AMP,G3101,Mark 9,3127,8
ὄχλον,a crowd,N-AMS,G3793,Mark 9,3128,8
πολὺν,great,Adj-AMS,G4183,Mark 9,3129,8
περὶ,around,Prep,G4012,Mark 9,3130,8
γραμματεῖς,scribes,N-AMP,G1122,Mark 9,3131,8
συζητοῦντας,arguing,V-PPA-AMP,G4802,Mark 9,3132,8
αὐτούς,them,PPro-AM3P,G846,Mark 9,3133,8
εὐθὺς,immediately,Adv,G2112,Mark 9,3134,8
πᾶς,all,Adj-NMS,G3956,Mark 9,3135,8
ὄχλος,crowd,N-NMS,G3793,Mark 9,3136,8
ἰδόντες,having seen,V-APA-NMP,G3708,Mark 9,3137,8
ἐξεθαμβήθησαν,were greatly amazed,V-AIP-3P,G1568,Mark 9,3138,8
προστρέχοντες,running to Him,V-PPA-NMP,G4370,Mark 9,3139,8
ἠσπάζοντο,were greeting,V-IIM/P-3P,G782,Mark 9,3140,8
ἐπηρώτησεν,He asked,V-AIA-3S,G1905,Mark 9,3141,8
Τί,What,IPro-ANS,G5101,Mark 9,3142,8
συζητεῖτε,are you disputing,V-PIA-2P,G4802,Mark 9,3143,8
αὑτούς,them,PPro-AM3P,G848,Mark 9,3144,8
ἀπεκρίθη,answered,V-AIP-3S,G611,Mark 9,3145,8
εἷς,one,Adj-NMS,G1520,Mark 9,3146,8
ὄχλου,crowd,N-GMS,G3793,Mark 9,3147,8
Διδάσκαλε,Teacher,N-VMS,G1320,Mark 9,3148,8
ἤνεγκα,I brought,V-AIA-1S,G5342,Mark 9,3149,8
υἱόν,son,N-AMS,G5207,Mark 9,3150,8
σέ,You,PPro-A2S,G4771,Mark 9,3151,8
ἔχοντα,having,V-PPA-AMS,G2192,Mark 9,3152,8
πνεῦμα,a spirit,N-ANS,G4151,Mark 9,3153,8
ἄλαλον,mute,Adj-ANS,G216,Mark 9,3154,8
ὅπου,whenever,Adv,G3699,Mark 9,3155,8
ἐὰν,if,Conj,G1437,Mark 9,3156,8
καταλάβῃ,it seizes,V-ASA-3S,G2638,Mark 9,3157,8
ῥήσσει,it throws down,V-PIA-3S,G4486,Mark 9,3158,8
ἀφρίζει,he foams,V-PIA-3S,G875,Mark 9,3159,8
τρίζει,gnashes,V-PIA-3S,G5149,Mark 9,3160,8
ὀδόντας,his teeth,N-AMP,G3599,Mark 9,3161,8
ξηραίνεται,is withering away,V-PIM/P-3S,G3583,Mark 9,3162,8
εἶπα,I spoke,V-AIA-1S,G2036,Mark 9,3163,8
τοῖς,to the,Art-DMP,G3588,Mark 9,3164,8
μαθηταῖς,disciples,N-DMP,G3101,Mark 9,3165,8
σου,of You,PPro-G2S,G4771,Mark 9,3166,8
αὐτὸ,it,PPro-AN3S,G846,Mark 9,3167,8
ἐκβάλωσιν,they might cast out,V-ASA-3P,G1544,Mark 9,3168,8
οὐκ,not,Adv,G3756,Mark 9,3169,8
ἴσχυσαν,they had power,V-AIA-3P,G2480,Mark 9,3170,8
Ὦ,O,I,G5599,Mark 9,3171,8
γενεὰ,generation,N-VFS,G1074,Mark 9,3172,8
ἄπιστος,unbelieving,Adj-VFS,G571,Mark 9,3173,8
ἕως,Until,Prep,G2193,Mark 9,3174,8
πότε,when,Conj,G4219,Mark 9,3175,8
ὑμᾶς,you,PPro-A2P,G4771,Mark 9,3176,8
ἔσομαι,will I be,V-FIM-1S,G1510,Mark 9,3177,8
ἀνέξομαι,will I bear with,V-FIM-1S,G430,Mark 9,3178,8
ὑμῶν,you,PPro-G2P,G4771,Mark 9,3179,8
φέρετε,Bring,V-PMA-2P,G5342,Mark 9,3180,8
πρός,to,Prep,G4314,Mark 9,3181,8
με,Me,PPro-A1S,G1473,Mark 9,3182,8
ἤνεγκαν,they brought,V-AIA-3P,G5342,Mark 9,3183,8
ἰδὼν,having seen,V-APA-NMS,G3708,Mark 9,3184,8
πνεῦμα,spirit,N-NNS,G4151,Mark 9,3185,8
συνεσπάραξεν,threw into convulsions,V-AIA-3S,G4952,Mark 9,3186,8
πεσὼν,having fallen,V-APA-NMS,G4098,Mark 9,3187,8
ἐκυλίετο,he began rolling around,V-IIM/P-3S,G2947,Mark 9,3188,8
ἀφρίζων,foaming,V-PPA-NMS,G875,Mark 9,3189,8
πατέρα,father,N-AMS,G3962,Mark 9,3190,8
Πόσος,How long,IPro-NMS,G4214,Mark 9,3191,8
χρόνος,a time,N-NMS,G5550,Mark 9,3192,8
ἐστὶν,is it,V-PIA-3S,G1510,Mark 9,3193,8
ὡς,that,Adv,G5613,Mark 9,3194,8
τοῦτο,this,DPro-NNS,G3778,Mark 9,3195,8
γέγονεν,has been,V-RIA-3S,G1096,Mark 9,3196,8
εἶπεν,he said,V-AIA-3S,G2036,Mark 9,3197,8
Ἐκ,From,Prep,G1537,Mark 9,3198,8
παιδιόθεν,childhood,Adv,G3812,Mark 9,3199,8
πολλάκις,often,Adv,G4178,Mark 9,3200,8
πῦρ,fire,N-ANS,G4442,Mark 9,3201,8
ἔβαλεν,it casts,V-AIA-3S,G906,Mark 9,3202,8
ὕδατα,waters,N-ANP,G5204,Mark 9,3203,8
ἀπολέσῃ,it might destroy,V-ASA-3S,G622,Mark 9,3204,8
ἀλλ,But,Conj,G235,Mark 9,3205,8
εἴ,if,Conj,G1487,Mark 9,3206,8
τι,anything,IPro-ANS,G5100,Mark 9,3207,8
δύνῃ,You are able to do,V-PIM/P-2S,G1410,Mark 9,3208,8
βοήθησον,help,V-AMA-2S,G997,Mark 9,3209,8
ἡμῖν,us,PPro-D1P,G1473,Mark 9,3210,8
σπλαγχνισθεὶς,having compassion,V-APP-NMS,G4697,Mark 9,3211,8
ἐφ,on,Prep,G1909,Mark 9,3212,8
Τὸ,-,Art-ANS,G3588,Mark 9,3213,8
Εἰ,If,Conj,G1487,Mark 9,3214,8
πάντα,All things,Adj-NNP,G3956,Mark 9,3215,8
δυνατὰ,are possible,Adj-NNP,G1415,Mark 9,3216,8
πιστεύοντι,believing,V-PPA-DMS,G4100,Mark 9,3217,8
Εὐθὺς,Immediately,Adv,G2112,Mark 9,3218,8
κράξας,having cried out,V-APA-NMS,G2896,Mark 9,3219,8
πατὴρ,father,N-NMS,G3962,Mark 9,3220,8
παιδίου,child,N-GNS,G3813,Mark 9,3221,8
Πιστεύω,I believe,V-PIA-1S,G4100,Mark 9,3222,8
βοήθει,help,V-PMA-2S,G997,Mark 9,3223,8
τῇ,the,Art-DFS,G3588,Mark 9,3224,8
ἀπιστίᾳ,unbelief,N-DFS,G570,Mark 9,3225,8
Ἰδὼν,Having seen,V-APA-NMS,G3708,Mark 9,3226,8
ἐπισυντρέχει,was running together,V-PIA-3S,G1998,Mark 9,3227,8
ἐπετίμησεν,He rebuked,V-AIA-3S,G2008,Mark 9,3228,8
τῷ,the,Art-DNS,G3588,Mark 9,3229,8
πνεύματι,spirit,N-DNS,G4151,Mark 9,3230,8
ἀκαθάρτῳ,unclean,Adj-DNS,G169,Mark 9,3231,8
λέγων,saying,V-PPA-NMS,G3004,Mark 9,3232,8
αὐτῷ,to it,PPro-DN3S,G846,Mark 9,3233,8
Τὸ,-,Art-VNS,G3588,Mark 9,3234,8
ἄλαλον,Mute,Adj-VNS,G216,Mark 9,3235,8
κωφὸν,deaf,Adj-VNS,G2974,Mark 9,3236,8
πνεῦμα,spirit,N-VNS,G4151,Mark 9,3237,8
ἐγὼ,I,PPro-N1S,G1473,Mark 9,3238,8
ἐπιτάσσω,command,V-PIA-1S,G2004,Mark 9,3239,8
σοι,you,PPro-D2S,G4771,Mark 9,3240,8
ἔξελθε,come,V-AMA-2S,G1831,Mark 9,3241,8
ἐξ,out of,Prep,G1537,Mark 9,3242,8
μηκέτι,no more,Adv,G3371,Mark 9,3243,8
εἰσέλθῃς,may you enter,V-ASA-2S,G1525,Mark 9,3244,8
σπαράξας,having thrown him into convulsions,V-APA-NMS,G4682,Mark 9,3245,8
ἐξῆλθεν,it came out,V-AIA-3S,G1831,Mark 9,3246,8
ὡσεὶ,as if,Adv,G5616,Mark 9,3247,8
νεκρὸς,dead,Adj-NMS,G3498,Mark 9,3248,8
ὥστε,in order for,Conj,G5620,Mark 9,3249,8
πολλοὺς,many,Adj-AMP,G4183,Mark 9,3250,8
λέγειν,to say,V-PNA,G3004,Mark 9,3251,8
ἀπέθανεν,he was dead,V-AIA-3S,G599,Mark 9,3252,8
κρατήσας,having taken,V-APA-NMS,G2902,Mark 9,3253,8
χειρὸς,hand,N-GFS,G5495,Mark 9,3254,8
ἤγειρεν,raised up,V-AIA-3S,G1453,Mark 9,3255,8
ἀνέστη,he arose,V-AIA-3S,G450,Mark 9,3256,8
εἰσελθόντος,having entered,V-APA-GMS,G1525,Mark 9,3257,8
οἶκον,a house,N-AMS,G3624,Mark 9,3258,8
μαθηταὶ,disciples,N-NMP,G3101,Mark 9,3259,8
ἡμεῖς,we,PPro-N1P,G1473,Mark 9,3260,8
ἠδυνήθημεν,were able,V-AIP-1P,G1410,Mark 9,3261,8
ἐκβαλεῖν,to cast out,V-ANA,G1544,Mark 9,3262,8
αὐτό,it,PPro-AN3S,G846,Mark 9,3263,8
Τοῦτο,This,DPro-NNS,G3778,Mark 9,3264,8
γένος,kind,N-NNS,G1085,Mark 9,3265,8
οὐδενὶ,nothing,Adj-DNS,G3762,Mark 9,3266,8
ἐξελθεῖν,to go out,V-ANA,G1831,Mark 9,3267,8
προσευχῇ,prayer,N-DFS,G4335,Mark 9,3268,8
Κἀκεῖθεν,From there,Conj,G2547,Mark 9,3269,8
ἐξελθόντες,having gone forth,V-APA-NMP,G1831,Mark 9,3270,8
παρεπορεύοντο,they were passing,V-IIM/P-3P,G3899,Mark 9,3271,8
διὰ,through,Prep,G1223,Mark 9,3272,8
Γαλιλαίας,Galilee,N-GFS,G1056,Mark 9,3273,8
ἤθελεν,did He want,V-IIA-3S,G2309,Mark 9,3274,8
τις,anyone,IPro-NMS,G5100,Mark 9,3275,8
γνοῖ,should know it,V-ASA-3S,G1097,Mark 9,3276,8
ἐδίδασκεν,He was teaching,V-IIA-3S,G1321,Mark 9,3277,8
παραδίδοται,is delivered,V-PIM/P-3S,G3860,Mark 9,3278,8
χεῖρας,hands,N-AFP,G5495,Mark 9,3279,8
ἀνθρώπων,of men,N-GMP,G444,Mark 9,3280,8
ἀποκτενοῦσιν,they will kill,V-FIA-3P,G615,Mark 9,3281,8
ἀποκτανθεὶς,having been killed,V-APP-NMS,G615,Mark 9,3282,8
ἀναστήσεται,He will arise,V-FIM-3S,G450,Mark 9,3283,8
ἠγνόουν,they did not understand,V-IIA-3P,G50,Mark 9,3284,8
τὸ,the,Art-ANS,G3588,Mark 9,3285,8
ῥῆμα,saying,N-ANS,G4487,Mark 9,3286,8
ἐφοβοῦντο,they were afraid,V-IIM/P-3P,G5399,Mark 9,3287,8
ἐπερωτῆσαι,to ask,V-ANA,G1905,Mark 9,3288,8
ἦλθον,they came,V-AIA-3P,G2064,Mark 9,3289,8
Καφαρναούμ,Capernaum,N-AFS,G2584,Mark 9,3290,8
οἰκίᾳ,house,N-DFS,G3614,Mark 9,3291,8
γενόμενος,having been,V-APM-NMS,G1096,Mark 9,3292,8
ἐπηρώτα,He was asking,V-IIA-3S,G1905,Mark 9,3293,8
ὁδῷ,way,N-DFS,G3598,Mark 9,3294,8
διελογίζεσθε,were you discussing,V-IIM/P-2P,G1260,Mark 9,3295,8
ἐσιώπων,they were silent,V-IIA-3P,G4623,Mark 9,3296,8
ἀλλήλους,one another,RecPro-AMP,G240,Mark 9,3297,8
διελέχθησαν,they had been discussing,V-AIP-3P,G1256,Mark 9,3298,8
τίς,which was,IPro-NMS,G5101,Mark 9,3299,8
μείζων,greatest,Adj-NMS-C,G3173,Mark 9,3300,8
καθίσας,having sat down,V-APA-NMS,G2523,Mark 9,3301,8
ἐφώνησεν,He called,V-AIA-3S,G5455,Mark 9,3302,8
δώδεκα,Twelve,Adj-AMP,G1427,Mark 9,3303,8
Εἴ,If,Conj,G1487,Mark 9,3304,8
θέλει,desires,V-PIA-3S,G2309,Mark 9,3305,8
πρῶτος,first,Adj-NMS,G4413,Mark 9,3306,8
ἔσται,he will be,V-FIM-3S,G1510,Mark 9,3307,8
πάντων,of all,Adj-GMP,G3956,Mark 9,3308,8
ἔσχατος,last,Adj-NMS,G2078,Mark 9,3309,8
διάκονος,servant,N-NMS,G1249,Mark 9,3310,8
λαβὼν,having taken,V-APA-NMS,G2983,Mark 9,3311,8
παιδίον,a child,N-ANS,G3813,Mark 9,3312,8
ἔστησεν,He set,V-AIA-3S,G2476,Mark 9,3313,8
μέσῳ,midst,Adj-DNS,G3319,Mark 9,3314,8
ἐναγκαλισάμενος,having taken in His arms,V-APM-NMS,G1723,Mark 9,3315,8
Ὃς,Whoever,RelPro-NMS,G3739,Mark 9,3316,8
ἓν,one,Adj-ANS,G1520,Mark 9,3317,8
τῶν,-,Art-GNP,G3588,Mark 9,3318,8
τοιούτων,of such,DPro-GNP,G5108,Mark 9,3319,8
παιδίων,little children,N-GNP,G3813,Mark 9,3320,8
δέξηται,shall receive,V-ASM-3S,G1209,Mark 9,3321,8
ὀνόματί,name,N-DNS,G3686,Mark 9,3322,8
ἐμὲ,Me,PPro-A1S,G1473,Mark 9,3323,8
δέχεται,receives,V-PIM/P-3S,G1209,Mark 9,3324,8
ὃς,whoever,RelPro-NMS,G3739,Mark 9,3325,8
δέχηται,shall receive,V-PSM/P-3S,G1209,Mark 9,3326,8
ἀποστείλαντά,having sent,V-APA-AMS,G649,Mark 9,3327,8
Ἔφη,Answered,V-IIA-3S,G5346,Mark 9,3328,8
Ἰωάννης,John,N-NMS,G2491,Mark 9,3329,8
εἴδομέν,we saw,V-AIA-1P,G3708,Mark 9,3330,8
τινα,someone,IPro-AMS,G5100,Mark 9,3331,8
ἐκβάλλοντα,casting out,V-PPA-AMS,G1544,Mark 9,3332,8
δαιμόνια,demons,N-ANP,G1140,Mark 9,3333,8
ὃς,who,RelPro-NMS,G3739,Mark 9,3334,8
ἀκολουθεῖ,does follow,V-PIA-3S,G190,Mark 9,3335,8
ἡμῖν,us,PPro-D1P,G1473,Mark 9,3336,8
ἐκωλύομεν,we were forbidding,V-IIA-1P,G2967,Mark 9,3337,8
ἠκολούθει,he was following,V-IIA-3S,G190,Mark 9,3338,8
Μὴ,Not,Adv,G3361,Mark 9,3339,8
κωλύετε,forbid,V-PMA-2P,G2967,Mark 9,3340,8
οὐδεὶς,No one,Adj-NMS,G3762,Mark 9,3341,8
γάρ,for,Conj,G1063,Mark 9,3342,8
ποιήσει,will do,V-FIA-3S,G4160,Mark 9,3343,8
δύναμιν,a work of power,N-AFS,G1411,Mark 9,3344,8
δυνήσεται,will be able,V-FIM-3S,G1410,Mark 9,3345,8
ταχὺ,readily,Adv,G5035,Mark 9,3346,8
κακολογῆσαί,to speak evil of,V-ANA,G2551,Mark 9,3347,8
ἔστιν,is,V-PIA-3S,G1510,Mark 9,3348,8
καθ,against,Prep,G2596,Mark 9,3349,8
ἡμῶν,us,PPro-G1P,G1473,Mark 9,3350,8
ὑπὲρ,for,Prep,G5228,Mark 9,3351,8
ποτίσῃ,might give to drink,V-ASA-3S,G4222,Mark 9,3352,8
ποτήριον,a cup,N-ANS,G4221,Mark 9,3353,8
ὕδατος,of water,N-GNS,G5204,Mark 9,3354,8
ὀνόματι,name,N-DNS,G3686,Mark 9,3355,8
Χριστοῦ,Christ’s,N-GMS,G5547,Mark 9,3356,8
ἐστε,you are,V-PIA-2P,G1510,Mark 9,3357,8
ἀμὴν,truly,Heb,G281,Mark 9,3358,8
μισθὸν,reward,N-AMS,G3408,Mark 9,3359,8
σκανδαλίσῃ,might cause to stumble,V-ASA-3S,G4624,Mark 9,3360,8
ἕνα,one,Adj-AMS,G1520,Mark 9,3361,8
μικρῶν,little ones,Adj-GMP,G3398,Mark 9,3362,8
τούτων,these,DPro-GMP,G3778,Mark 9,3363,8
πιστευόντων,believing,V-PPA-GMP,G4100,Mark 9,3364,8
εἰς,in,Prep,G1519,Mark 9,3365,8
ἐμέ,Me,PPro-A1S,G1473,Mark 9,3366,8
μᾶλλον,rather,Adv,G3123,Mark 9,3367,8
περίκειται,is put,V-PIM/P-3S,G4029,Mark 9,3368,8
μύλος,a millstone,N-NMS,G3458,Mark 9,3369,8
ὀνικὸς,heavy,Adj-NMS,G3684,Mark 9,3370,8
τράχηλον,neck,N-AMS,G5137,Mark 9,3371,8
βέβληται,he has been cast,V-RIM/P-3S,G906,Mark 9,3372,8
θάλασσαν,sea,N-AFS,G2281,Mark 9,3373,8
σκανδαλίζῃ,should cause to stumble,V-PSA-3S,G4624,Mark 9,3374,8
σε,you,PPro-A2S,G4771,Mark 9,3375,8
ἡ,the,Art-NFS,G3588,Mark 9,3376,8
χείρ,hand,N-NFS,G5495,Mark 9,3377,8
ἀπόκοψον,cut off,V-AMA-2S,G609,Mark 9,3378,8
αὐτήν,it,PPro-AF3S,G846,Mark 9,3379,8
ἐστίν,it is,V-PIA-3S,G1510,Mark 9,3380,8
κυλλὸν,crippled,Adj-AMS,G2948,Mark 9,3381,8
εἰσελθεῖν,to enter,V-ANA,G1525,Mark 9,3382,8
ζωὴν,life,N-AFS,G2222,Mark 9,3383,8
ἢ,than,Conj,G2228,Mark 9,3384,8
τὰς,-,Art-AFP,G3588,Mark 9,3385,8
δύο,two,Adj-AFP,G1417,Mark 9,3386,8
ἀπελθεῖν,to go away,V-ANA,G565,Mark 9,3387,8
γέενναν,hell,N-AFS,G1067,Mark 9,3388,8
ἄσβεστον,unquenchable,Adj-ANS,G762,Mark 9,3389,8
ὅπου,where,Adv,G3699,Mark 9,3390,8
σκώληξ,worm,N-NMS,G4663,Mark 9,3391,8
τελευτᾷ,dies,V-PIA-3S,G5053,Mark 9,3392,8
πῦρ,fire,N-NNS,G4442,Mark 9,3393,8
σβέννυται,is quenched,V-PIP-3S,G4570,Mark 9,3394,8
πούς,foot,N-NMS,G4228,Mark 9,3395,8
σκανδαλίζῃ,should cause to stumble,V-PSA-3S,G4624,Mark 9,3396,8
χωλὸν,lame,Adj-AMS,G5560,Mark 9,3397,8
δύο,two,Adj-AMP,G1417,Mark 9,3398,8
πόδας,feet,N-AMP,G4228,Mark 9,3399,8
βληθῆναι,to be cast,V-ANP,G906,Mark 9,3400,8
εἰς,into,Prep,G1519,Mark 9,3401,8
ἄσβεστον,unquenchable,Adj-ANS,G762,Mark 9,3402,8
ὀφθαλμός,eye,N-NMS,G3788,Mark 9,3403,8
ἔκβαλε,cast out,V-AMA-2S,G1544,Mark 9,3404,8
μονόφθαλμον,with one eye,Adj-AMS,G3442,Mark 9,3405,8
ὀφθαλμοὺς,eyes,N-AMP,G3788,Mark 9,3406,8
σβέννυται,is quenched,V-PIM/P-3S,G4570,Mark 9,3407,8
Πᾶς,Everyone,Adj-NMS,G3956,Mark 9,3408,8
πυρὶ,with fire,N-DNS,G4442,Mark 9,3409,8
ἁλισθήσεται,will be salted,V-FIP-3S,G233,Mark 9,3410,8
καὶ,and,Conj,G2532,Mark 9,3411,8
πᾶσα,every,Adj-NFS,G3956,Mark 9,3412,8
θυσία,sacrifice,N-NFS,G2378,Mark 9,3413,8
ἁλὶ,with salt,N-DMS,G251,Mark 9,3414,8
ἁλισθήσεται,shall be salted,V-FIP-3S,G233,Mark 9,3415,8
καλὸν,Good is,Adj-NNS,G2570,Mark 9,3416,8
ἅλας,salt,N-NNS,G217,Mark 9,3417,8
ἄναλον,unsalty,Adj-NNS,G358,Mark 9,3418,8
γένηται,becomes,V-ASM-3S,G1096,Mark 9,3419,8
τίνι,what,IPro-DNS,G5101,Mark 9,3420,8
ἀρτύσετε,will you season,V-FIA-2P,G741,Mark 9,3421,8
ἔχετε,Have,V-PMA-2P,G2192,Mark 9,3422,8
ἑαυτοῖς,yourselves,RefPro-DM3P,G1438,Mark 9,3423,8
ἅλα,salt,N-ANS,G217,Mark 9,3424,8
εἰρηνεύετε,be at peace,V-PMA-2P,G1514,Mark 9,3425,8
ἀλλήλοις,one another,RecPro-DMP,G240,Mark 9,3426,8
Καὶ,And,Conj,G2532,Mark 10,3427,8
ἐκεῖθεν,from there,Adv,G1564,Mark 10,3428,8
ἀναστὰς,having risen up,V-APA-NMS,G450,Mark 10,3429,8
ἔρχεται,He comes,V-PIM/P-3S,G2064,Mark 10,3430,8
εἰς,into,Prep,G1519,Mark 10,3431,8
τὰ,the,Art-ANP,G3588,Mark 10,3432,8
ὅρια,region,N-ANP,G3725,Mark 10,3433,8
τῆς,-,Art-GFS,G3588,Mark 10,3434,8
Ἰουδαίας,of Judea,N-GFS,G2449,Mark 10,3435,8
καὶ,and,Conj,G2532,Mark 10,3436,8
πέραν,beyond,Prep,G4008,Mark 10,3437,8
τοῦ,the,Art-GMS,G3588,Mark 10,3438,8
Ἰορδάνου,Jordan,N-GMS,G2446,Mark 10,3439,8
συμπορεύονται,come together,V-PIM/P-3P,G4848,Mark 10,3440,8
πάλιν,again,Adv,G3825,Mark 10,3441,8
ὄχλοι,crowds,N-NMP,G3793,Mark 10,3442,8
πρὸς,to,Prep,G4314,Mark 10,3443,8
αὐτόν,Him,PPro-AM3S,G846,Mark 10,3444,8
ὡς,as,Adv,G5613,Mark 10,3445,8
εἰώθει,He had been accustomed,V-LIA-3S,G1486,Mark 10,3446,8
ἐδίδασκεν,He was teaching,V-IIA-3S,G1321,Mark 10,3447,8
αὐτούς,them,PPro-AM3P,G846,Mark 10,3448,8
προσελθόντες,having come to him,V-APA-NMP,G4334,Mark 10,3449,8
Φαρισαῖοι,the Pharisees,N-NMP,G5330,Mark 10,3450,8
ἐπηρώτων,were demanding,V-IIA-3P,G1905,Mark 10,3451,8
αὐτὸν,of Him,PPro-AM3S,G846,Mark 10,3452,8
εἰ,if,Conj,G1487,Mark 10,3453,8
ἔξεστιν,it is lawful,V-PIA-3S,G1832,Mark 10,3454,8
ἀνδρὶ,for a husband,N-DMS,G435,Mark 10,3455,8
γυναῖκα,a wife,N-AFS,G1135,Mark 10,3456,8
ἀπολῦσαι,to divorce,V-ANA,G630,Mark 10,3457,8
πειράζοντες,testing,V-PPA-NMP,G3985,Mark 10,3458,8
Ὁ,-,Art-NMS,G3588,Mark 10,3459,8
δὲ,And,Conj,G1161,Mark 10,3460,8
ἀποκριθεὶς,He answering,V-APP-NMS,G611,Mark 10,3461,8
εἶπεν,said,V-AIA-3S,G2036,Mark 10,3462,8
αὐτοῖς,to them,PPro-DM3P,G846,Mark 10,3463,8
Τί,What,IPro-ANS,G5101,Mark 10,3464,8
ὑμῖν,you,PPro-D2P,G4771,Mark 10,3465,8
ἐνετείλατο,did command,V-AIM-3S,G1781,Mark 10,3466,8
Μωϋσῆς,Moses,N-NMS,G3475,Mark 10,3467,8
Οἱ,-,Art-NMP,G3588,Mark 10,3468,8
εἶπαν,they said,V-AIA-3P,G2036,Mark 10,3469,8
Ἐπέτρεψεν,Permitted,V-AIA-3S,G2010,Mark 10,3470,8
βιβλίον,a roll,N-ANS,G975,Mark 10,3471,8
ἀποστασίου,of divorce,N-GNS,G647,Mark 10,3472,8
γράψαι,to write,V-ANA,G1125,Mark 10,3473,8
Ἰησοῦς,Jesus,N-NMS,G2424,Mark 10,3474,8
Πρὸς,Because of,Prep,G4314,Mark 10,3475,8
τὴν,the,Art-AFS,G3588,Mark 10,3476,8
σκληροκαρδίαν,hardness of heart,N-AFS,G4641,Mark 10,3477,8
ὑμῶν,of you,PPro-G2P,G4771,Mark 10,3478,8
ἔγραψεν,He wrote,V-AIA-3S,G1125,Mark 10,3479,8
ἐντολὴν,commandment,N-AFS,G1785,Mark 10,3480,8
ταύτην,this,DPro-AFS,G3778,Mark 10,3481,8
ἀπὸ,From,Prep,G575,Mark 10,3482,8
ἀρχῆς,the beginning,N-GFS,G746,Mark 10,3483,8
κτίσεως,of creation,N-GFS,G2937,Mark 10,3484,8
Ἄρσεν,Male,N-ANS,G730,Mark 10,3485,8
θῆλυ,female,Adj-ANS,G2338,Mark 10,3486,8
ἐποίησεν,He made,V-AIA-3S,G4160,Mark 10,3487,8
Ἕνεκεν,On account of,Prep,G1752,Mark 10,3488,8
τούτου,this,DPro-GNS,G3778,Mark 10,3489,8
καταλείψει,will leave,V-FIA-3S,G2641,Mark 10,3490,8
ἄνθρωπος,a man,N-NMS,G444,Mark 10,3491,8
τὸν,the,Art-AMS,G3588,Mark 10,3492,8
πατέρα,father,N-AMS,G3962,Mark 10,3493,8
αὐτοῦ,of him,PPro-GM3S,G846,Mark 10,3494,8
μητέρα,mother,N-AFS,G3384,Mark 10,3495,8
καὶ,and,Conj,G2532,Mark 10,3496,8
προσκολληθήσεται,be joined,V-FIP-3S,G4347,Mark 10,3497,8
αὐτοῦ,his,PPro-GM3S,G846,Mark 10,3498,8
ἔσονται,will be,V-FIM-3P,G1510,Mark 10,3499,8
οἱ,the,Art-NMP,G3588,Mark 10,3500,8
δύο,two,Adj-NMP,G1417,Mark 10,3501,8
σάρκα,flesh,N-AFS,G4561,Mark 10,3502,8
μίαν,one,Adj-AFS,G1520,Mark 10,3503,8
ὥστε,Therefore,Conj,G5620,Mark 10,3504,8
οὐκέτι,no longer,Adv,G3765,Mark 10,3505,8
εἰσὶν,they are,V-PIA-3P,G1510,Mark 10,3506,8
ἀλλὰ,but,Conj,G235,Mark 10,3507,8
μία,one,Adj-NFS,G1520,Mark 10,3508,8
σάρξ,flesh,N-NFS,G4561,Mark 10,3509,8
ὃ,What,RelPro-ANS,G3739,Mark 10,3510,8
οὖν,therefore,Conj,G3767,Mark 10,3511,8
ὁ,-,Art-NMS,G3588,Mark 10,3512,8
Θεὸς,God,N-NMS,G2316,Mark 10,3513,8
συνέζευξεν,has joined together,V-AIA-3S,G4801,Mark 10,3514,8
μὴ,not,Adv,G3361,Mark 10,3515,8
χωριζέτω,let separate,V-PMA-3S,G5563,Mark 10,3516,8
οἰκίαν,house,N-AFS,G3614,Mark 10,3517,8
μαθηταὶ,disciples,N-NMP,G3101,Mark 10,3518,8
περὶ,concerning,Prep,G4012,Mark 10,3519,8
λέγει,He says,V-PIA-3S,G3004,Mark 10,3520,8
Ὃς,Whoever,RelPro-NMS,G3739,Mark 10,3521,8
ἂν,-,Prtcl,G302,Mark 10,3522,8
ἀπολύσῃ,shall divorce,V-ASA-3S,G630,Mark 10,3523,8
γαμήσῃ,shall marry,V-ASA-3S,G1060,Mark 10,3524,8
ἄλλην,another,Adj-AFS,G243,Mark 10,3525,8
μοιχᾶται,commits adultery,V-PIM/P-3S,G3429,Mark 10,3526,8
ἐπ,against,Prep,G1909,Mark 10,3527,8
αὐτήν,her,PPro-AF3S,G846,Mark 10,3528,8
ἐὰν,if,Conj,G1437,Mark 10,3529,8
αὐτὴ,a woman,PPro-NF3S,G846,Mark 10,3530,8
ἀπολύσασα,having divorced,V-APA-NFS,G630,Mark 10,3531,8
ἄνδρα,husband,N-AMS,G435,Mark 10,3532,8
αὐτῆς,of her,PPro-GF3S,G846,Mark 10,3533,8
ἄλλον,another,Adj-AMS,G243,Mark 10,3534,8
προσέφερον,they were bringing,V-IIA-3P,G4374,Mark 10,3535,8
αὐτῷ,to Him,PPro-DM3S,G846,Mark 10,3536,8
παιδία,little children,N-ANP,G3813,Mark 10,3537,8
ἵνα,that,Conj,G2443,Mark 10,3538,8
αὐτῶν,them,PPro-GN3P,G846,Mark 10,3539,8
ἅψηται,He might touch,V-ASM-3S,G680,Mark 10,3540,8
ἐπετίμησαν,rebuked,V-AIA-3P,G2008,Mark 10,3541,8
Ἰδὼν,Having seen,V-APA-NMS,G3708,Mark 10,3542,8
ἠγανάκτησεν,was indignant,V-AIA-3S,G23,Mark 10,3543,8
Ἄφετε,Permit,V-AMA-2P,G863,Mark 10,3544,8
ἔρχεσθαι,to come,V-PNM/P,G2064,Mark 10,3545,8
πρός,to,Prep,G4314,Mark 10,3546,8
με,Me,PPro-A1S,G1473,Mark 10,3547,8
κωλύετε,do hinder,V-PMA-2P,G2967,Mark 10,3548,8
αὐτά,them,PPro-AN3P,G846,Mark 10,3549,8
τῶν,To the,Art-GNP,G3588,Mark 10,3550,8
γὰρ,for,Conj,G1063,Mark 10,3551,8
τοιούτων,such,DPro-GNP,G5108,Mark 10,3552,8
ἐστὶν,belongs,V-PIA-3S,G1510,Mark 10,3553,8
ἡ,the,Art-NFS,G3588,Mark 10,3554,8
βασιλεία,kingdom,N-NFS,G932,Mark 10,3555,8
Θεοῦ,of God,N-GMS,G2316,Mark 10,3556,8
ἀμὴν,Truly,Heb,G281,Mark 10,3557,8
λέγω,I say,V-PIA-1S,G3004,Mark 10,3558,8
ὃς,whoever,RelPro-NMS,G3739,Mark 10,3559,8
δέξηται,shall receive,V-ASM-3S,G1209,Mark 10,3560,8
βασιλείαν,kingdom,N-AFS,G932,Mark 10,3561,8
παιδίον,a child,N-NNS,G3813,Mark 10,3562,8
οὐ,no,Adv,G3756,Mark 10,3563,8
εἰσέλθῃ,shall enter,V-ASA-3S,G1525,Mark 10,3564,8
ἐναγκαλισάμενος,having taken them in arms,V-APM-NMS,G1723,Mark 10,3565,8
αὐτὰ,them,PPro-AN3P,G846,Mark 10,3566,8
κατευλόγει,He was blessing,V-IIA-3S,G2127,Mark 10,3567,8
τιθεὶς,having laid,V-PPA-NMS,G5087,Mark 10,3568,8
τὰς,the,Art-AFP,G3588,Mark 10,3569,8
χεῖρας,hands,N-AFP,G5495,Mark 10,3570,8
ἐκπορευομένου,going forth,V-PPM/P-GMS,G1607,Mark 10,3571,8
ὁδὸν,the journey,N-AFS,G3598,Mark 10,3572,8
προσδραμὼν,having run up,V-APA-NMS,G4370,Mark 10,3573,8
εἷς,one,Adj-NMS,G1520,Mark 10,3574,8
γονυπετήσας,having knelt down to,V-APA-NMS,G1120,Mark 10,3575,8
ἐπηρώτα,was asking,V-IIA-3S,G1905,Mark 10,3576,8
Διδάσκαλε,Teacher,N-VMS,G1320,Mark 10,3577,8
ἀγαθέ,good,Adj-VMS,G18,Mark 10,3578,8
τί,what,IPro-ANS,G5101,Mark 10,3579,8
ποιήσω,shall I do,V-ASA-1S,G4160,Mark 10,3580,8
ζωὴν,life,N-AFS,G2222,Mark 10,3581,8
αἰώνιον,eternal,Adj-AFS,G166,Mark 10,3582,8
κληρονομήσω,I might inherit,V-ASA-1S,G2816,Mark 10,3583,8
λέγεις,call you,V-PIA-2S,G3004,Mark 10,3584,8
ἀγαθόν,good,Adj-AMS,G18,Mark 10,3585,8
οὐδεὶς,No one is,Adj-NMS,G3762,Mark 10,3586,8
ἀγαθὸς,good,Adj-NMS,G18,Mark 10,3587,8
Θεός,God,N-NMS,G2316,Mark 10,3588,8
ἐντολὰς,commandments,N-AFP,G1785,Mark 10,3589,8
οἶδας,you know,V-RIA-2S,G1492,Mark 10,3590,8
Μὴ,Not,Adv,G3361,Mark 10,3591,8
φονεύσῃς,shall you murder,V-ASA-2S,G5407,Mark 10,3592,8
μοιχεύσῃς,shall you commit adultery,V-ASA-2S,G3431,Mark 10,3593,8
κλέψῃς,shall you steal,V-ASA-2S,G2813,Mark 10,3594,8
ψευδομαρτυρήσῃς,shall you bear false witness,V-ASA-2S,G5576,Mark 10,3595,8
ἀποστερήσῃς,shall you defraud,V-ASA-2S,G650,Mark 10,3596,8
Τίμα,you shall honor,V-PMA-2S,G5091,Mark 10,3597,8
σου,of you,PPro-G2S,G4771,Mark 10,3598,8
ἔφη,he was saying,V-IIA-3S,G5346,Mark 10,3599,8
ταῦτα,these,DPro-ANP,G3778,Mark 10,3600,8
πάντα,all,Adj-ANP,G3956,Mark 10,3601,8
ἐφυλαξάμην,I have kept,V-AIM-1S,G5442,Mark 10,3602,8
ἐκ,from,Prep,G1537,Mark 10,3603,8
νεότητός,the youth,N-GFS,G3503,Mark 10,3604,8
μου,of me,PPro-G1S,G1473,Mark 10,3605,8
ἐμβλέψας,having looked upon,V-APA-NMS,G1689,Mark 10,3606,8
ἠγάπησεν,loved,V-AIA-3S,G25,Mark 10,3607,8
Ἕν,One thing,Adj-NNS,G1520,Mark 10,3608,8
σε,to you,PPro-A2S,G4771,Mark 10,3609,8
ὑστερεῖ,is lacking,V-PIA-3S,G5302,Mark 10,3610,8
ὕπαγε,Go,V-PMA-2S,G5217,Mark 10,3611,8
ὅσα,as much as,RelPro-ANP,G3745,Mark 10,3612,8
ἔχεις,you have,V-PIA-2S,G2192,Mark 10,3613,8
πώλησον,sell,V-AMA-2S,G4453,Mark 10,3614,8
δὸς,give,V-AMA-2S,G1325,Mark 10,3615,8
τοῖς,to the,Art-DMP,G3588,Mark 10,3616,8
πτωχοῖς,poor,Adj-DMP,G4434,Mark 10,3617,8
ἕξεις,you will have,V-FIA-2S,G2192,Mark 10,3618,8
θησαυρὸν,treasure,N-AMS,G2344,Mark 10,3619,8
ἐν,in,Prep,G1722,Mark 10,3620,8
οὐρανῷ,heaven,N-DMS,G3772,Mark 10,3621,8
δεῦρο,come,V-M-2S,G1204,Mark 10,3622,8
ἀκολούθει,follow,V-PMA-2S,G190,Mark 10,3623,8
μοι,Me,PPro-D1S,G1473,Mark 10,3624,8
στυγνάσας,having been sad,V-APA-NMS,G4768,Mark 10,3625,8
ἐπὶ,at,Prep,G1909,Mark 10,3626,8
τῷ,the,Art-DMS,G3588,Mark 10,3627,8
λόγῳ,word,N-DMS,G3056,Mark 10,3628,8
ἀπῆλθεν,he went away,V-AIA-3S,G565,Mark 10,3629,8
λυπούμενος,grieving,V-PPM/P-NMS,G3076,Mark 10,3630,8
ἦν,he was one,V-IIA-3S,G1510,Mark 10,3631,8
ἔχων,having,V-PPA-NMS,G2192,Mark 10,3632,8
κτήματα,possessions,N-ANP,G2933,Mark 10,3633,8
πολλά,many,Adj-ANP,G4183,Mark 10,3634,8
περιβλεψάμενος,having looked around,V-APM-NMS,G4017,Mark 10,3635,8
μαθηταῖς,disciples,N-DMP,G3101,Mark 10,3636,8
Πῶς,How,Adv,G4459,Mark 10,3637,8
δυσκόλως,difficultly,Adv,G1423,Mark 10,3638,8
χρήματα,riches,N-ANP,G5536,Mark 10,3639,8
ἔχοντες,having,V-PPA-NMP,G2192,Mark 10,3640,8
εἰσελεύσονται,will enter,V-FIM-3P,G1525,Mark 10,3641,8
ἐθαμβοῦντο,were astonished,V-IIM/P-3P,G2284,Mark 10,3642,8
λόγοις,words,N-DMP,G3056,Mark 10,3643,8
Τέκνα,Children,N-VNP,G5043,Mark 10,3644,8
πῶς,how,Adv,G4459,Mark 10,3645,8
δύσκολόν,difficult,Adj-NNS,G1422,Mark 10,3646,8
ἐστιν,it is,V-PIA-3S,G1510,Mark 10,3647,8
εἰσελθεῖν,to enter,V-ANA,G1525,Mark 10,3648,8
τοὺς,those who,Art-AMP,G3588,Mark 10,3649,8
πεποιθότας,trust,V-RPA-AMP,G3982,Mark 10,3650,8
χρήμασιν,riches,N-DNP,G5536,Mark 10,3651,8
εὐκοπώτερόν,Easier,Adj-NNS-C,G2123,Mark 10,3652,8
κάμηλον,for a camel,N-AFS,G2574,Mark 10,3653,8
διὰ,through,Prep,G1223,Mark 10,3654,8
τρυμαλιᾶς,eye,N-GFS,G5168,Mark 10,3655,8
ῥαφίδος,needle,N-GFS,G4476,Mark 10,3656,8
διελθεῖν,to pass,V-ANA,G1330,Mark 10,3657,8
ἢ,than for,Conj,G2228,Mark 10,3658,8
πλούσιον,a rich man,Adj-AMS,G4145,Mark 10,3659,8
περισσῶς,exceedingly,Adv,G4057,Mark 10,3660,8
ἐξεπλήσσοντο,they were astonished,V-IIM/P-3P,G1605,Mark 10,3661,8
λέγοντες,saying,V-PPA-NMP,G3004,Mark 10,3662,8
ἑαυτούς,themselves,RefPro-AM3P,G1438,Mark 10,3663,8
τίς,who,IPro-NMS,G5101,Mark 10,3664,8
δύναται,is able,V-PIM/P-3S,G1410,Mark 10,3665,8
σωθῆναι,to be saved,V-ANP,G4982,Mark 10,3666,8
Ἐμβλέψας,Having looked on,V-APA-NMS,G1689,Mark 10,3667,8
Παρὰ,With,Prep,G3844,Mark 10,3668,8
ἀνθρώποις,men,N-DMP,G444,Mark 10,3669,8
ἀδύνατον,it is impossible,Adj-NNS,G102,Mark 10,3670,8
ἀλλ,but,Conj,G235,Mark 10,3671,8
παρὰ,with,Prep,G3844,Mark 10,3672,8
θεῷ,God,N-DMS,G2316,Mark 10,3673,8
πάντα,all things,Adj-NNP,G3956,Mark 10,3674,8
δυνατὰ,are possible,Adj-NNP,G1415,Mark 10,3675,8
Ἤρξατο,Began,V-AIM-3S,G756,Mark 10,3676,8
λέγειν,to say,V-PNA,G3004,Mark 10,3677,8
Πέτρος,Peter,N-NMS,G4074,Mark 10,3678,8
Ἰδοὺ,Behold,V-AMA-2S,G2400,Mark 10,3679,8
ἡμεῖς,we,PPro-N1P,G1473,Mark 10,3680,8
ἀφήκαμεν,have left,V-AIA-1P,G863,Mark 10,3681,8
ἠκολουθήκαμέν,followed,V-RIA-1P,G190,Mark 10,3682,8
σοι,You,PPro-D2S,G4771,Mark 10,3683,8
Ἔφη,Was saying,V-IIA-3S,G5346,Mark 10,3684,8
Ἀμὴν,Truly,Heb,G281,Mark 10,3685,8
οὐδείς,no one,Adj-NMS,G3762,Mark 10,3686,8
ἀφῆκεν,has left,V-AIA-3S,G863,Mark 10,3687,8
ἀδελφοὺς,brothers,N-AMP,G80,Mark 10,3688,8
ἀδελφὰς,sisters,N-AFP,G79,Mark 10,3689,8
τέκνα,children,N-ANP,G5043,Mark 10,3690,8
ἀγροὺς,lands,N-AMP,G68,Mark 10,3691,8
ἕνεκεν,for the sake,Prep,G1752,Mark 10,3692,8
ἐμοῦ,of me,PPro-G1S,G1473,Mark 10,3693,8
τοῦ,of the,Art-GNS,G3588,Mark 10,3694,8
εὐαγγελίου,gospel,N-GNS,G2098,Mark 10,3695,8
λάβῃ,shall take,V-ASA-3S,G2983,Mark 10,3696,8
ἑκατονταπλασίονα,a hundredfold,Adj-ANP,G1542,Mark 10,3697,8
νῦν,now,Adv,G3568,Mark 10,3698,8
καιρῷ,time,N-DMS,G2540,Mark 10,3699,8
τούτῳ,this,DPro-DMS,G3778,Mark 10,3700,8
οἰκίας,houses,N-AFP,G3614,Mark 10,3701,8
μητέρας,mothers,N-AFP,G3384,Mark 10,3702,8
μετὰ,with,Prep,G3326,Mark 10,3703,8
διωγμῶν,persecutions,N-GMP,G1375,Mark 10,3704,8
αἰῶνι,age,N-DMS,G165,Mark 10,3705,8
ἐρχομένῳ,is coming,V-PPM/P-DMS,G2064,Mark 10,3706,8
πολλοὶ,Many,Adj-NMP,G4183,Mark 10,3707,8
πρῶτοι,first,Adj-NMP,G4413,Mark 10,3708,8
ἔσχατοι,last,Adj-NMP,G2078,Mark 10,3709,8
Ἦσαν,They were,V-IIA-3P,G1510,Mark 10,3710,8
τῇ,the,Art-DFS,G3588,Mark 10,3711,8
ὁδῷ,way,N-DFS,G3598,Mark 10,3712,8
ἀναβαίνοντες,going up,V-PPA-NMP,G305,Mark 10,3713,8
Ἱεροσόλυμα,Jerusalem,N-ANP,G2414,Mark 10,3714,8
προάγων,going on before,V-PPA-NMS,G4254,Mark 10,3715,8
αὐτοὺς,them,PPro-AM3P,G846,Mark 10,3716,8
ἀκολουθοῦντες,following,V-PPA-NMP,G190,Mark 10,3717,8
ἐφοβοῦντο,were afraid,V-IIM/P-3P,G5399,Mark 10,3718,8
παραλαβὼν,having taken to Him,V-APA-NMS,G3880,Mark 10,3719,8
τοὺς,the,Art-AMP,G3588,Mark 10,3720,8
δώδεκα,Twelve,Adj-AMP,G1427,Mark 10,3721,8
ἤρξατο,He began,V-AIM-3S,G756,Mark 10,3722,8
μέλλοντα,being about,V-PPA-ANP,G3195,Mark 10,3723,8
συμβαίνειν,to happen,V-PNA,G4819,Mark 10,3724,8
ὅτι,-,Conj,G3754,Mark 10,3725,8
ἀναβαίνομεν,we go up,V-PIA-1P,G305,Mark 10,3726,8
Υἱὸς,Son,N-NMS,G5207,Mark 10,3727,8
ἀνθρώπου,of Man,N-GMS,G444,Mark 10,3728,8
παραδοθήσεται,will be betrayed,V-FIP-3S,G3860,Mark 10,3729,8
ἀρχιερεῦσιν,chief priests,N-DMP,G749,Mark 10,3730,8
γραμματεῦσιν,scribes,N-DMP,G1122,Mark 10,3731,8
κατακρινοῦσιν,they will condemn,V-FIA-3P,G2632,Mark 10,3732,8
θανάτῳ,to death,N-DMS,G2288,Mark 10,3733,8
παραδώσουσιν,will betray,V-FIA-3P,G3860,Mark 10,3734,8
τοῖς,to the,Art-DNP,G3588,Mark 10,3735,8
ἔθνεσιν,Gentiles,N-DNP,G1484,Mark 10,3736,8
ἐμπαίξουσιν,they will mock,V-FIA-3P,G1702,Mark 10,3737,8
ἐμπτύσουσιν,will spit upon,V-FIA-3P,G1716,Mark 10,3738,8
μαστιγώσουσιν,will flog,V-FIA-3P,G3146,Mark 10,3739,8
ἀποκτενοῦσιν,will kill,V-FIA-3P,G615,Mark 10,3740,8
τρεῖς,third,Adj-AFP,G5140,Mark 10,3741,8
ἡμέρας,day,N-AFP,G2250,Mark 10,3742,8
ἀναστήσεται,He will rise again,V-FIM-3S,G450,Mark 10,3743,8
προσπορεύονται,come up,V-PIM/P-3P,G4365,Mark 10,3744,8
Ἰάκωβος,James,N-NMS,G2385,Mark 10,3745,8
Ἰωάννης,John,N-NMS,G2491,Mark 10,3746,8
δύο,two,Adj,G1417,Mark 10,3747,8
υἱοὶ,sons,N-NMP,G5207,Mark 10,3748,8
Ζεβεδαίου,of Zebedee,N-GMS,G2199,Mark 10,3749,8
θέλομεν,we desire,V-PIA-1P,G2309,Mark 10,3750,8
αἰτήσωμέν,we might ask,V-ASA-1P,G154,Mark 10,3751,8
ποιήσῃς,You would do,V-ASA-2S,G4160,Mark 10,3752,8
ἡμῖν,for us,PPro-D1P,G1473,Mark 10,3753,8
θέλετε,do you desire,V-PIA-2P,G2309,Mark 10,3754,8
Δὸς,Grant,V-AMA-2S,G1325,Mark 10,3755,8
δεξιῶν,Your right hand,Adj-GNP,G1188,Mark 10,3756,8
ἐξ,at,Prep,G1537,Mark 10,3757,8
ἀριστερῶν,Your left hand,Adj-GNP,G710,Mark 10,3758,8
καθίσωμεν,we might sit,V-ASA-1P,G2523,Mark 10,3759,8
δόξῃ,glory,N-DFS,G1391,Mark 10,3760,8
Οὐκ,Not,Adv,G3756,Mark 10,3761,8
οἴδατε,you know,V-RIA-2P,G1492,Mark 10,3762,8
αἰτεῖσθε,you ask,V-PIM-2P,G154,Mark 10,3763,8
δύνασθε,Are you able,V-PIM/P-2P,G1410,Mark 10,3764,8
πιεῖν,to drink,V-ANA,G4095,Mark 10,3765,8
τὸ,the,Art-ANS,G3588,Mark 10,3766,8
ποτήριον,cup,N-ANS,G4221,Mark 10,3767,8
ἐγὼ,I,PPro-N1S,G1473,Mark 10,3768,8
πίνω,drink,V-PIA-1S,G4095,Mark 10,3769,8
βάπτισμα,baptism,N-ANS,G908,Mark 10,3770,8
βαπτίζομαι,am baptized,V-PIM/P-1S,G907,Mark 10,3771,8
βαπτισθῆναι,to be baptized with,V-ANP,G907,Mark 10,3772,8
Δυνάμεθα,We are able,V-PIM/P-1P,G1410,Mark 10,3773,8
Τὸ,The,Art-ANS,G3588,Mark 10,3774,8
πίεσθε,you will drink,V-FIM-2P,G4095,Mark 10,3775,8
βαπτισθήσεσθε,you will be baptized with,V-FIP-2P,G907,Mark 10,3776,8
καθίσαι,to sit,V-ANA,G2523,Mark 10,3777,8
εὐωνύμων,the left hand,Adj-GNP,G2176,Mark 10,3778,8
οὐκ,not,Adv,G3756,Mark 10,3779,8
ἔστιν,is,V-PIA-3S,G1510,Mark 10,3780,8
ἐμὸν,Mine,PPro-NN1S,G1699,Mark 10,3781,8
δοῦναι,to give,V-ANA,G1325,Mark 10,3782,8
οἷς,for whom,RelPro-DMP,G3739,Mark 10,3783,8
ἡτοίμασται,it has been prepared,V-RIM/P-3S,G2090,Mark 10,3784,8
ἀκούσαντες,having heard this,V-APA-NMP,G191,Mark 10,3785,8
δέκα,ten,Adj-NMP,G1176,Mark 10,3786,8
ἤρξαντο,began,V-AIM-3P,G756,Mark 10,3787,8
ἀγανακτεῖν,to be indignant,V-PNA,G23,Mark 10,3788,8
Ἰακώβου,James,N-GMS,G2385,Mark 10,3789,8
Ἰωάννου,John,N-GMS,G2491,Mark 10,3790,8
προσκαλεσάμενος,having called near,V-APM-NMS,G4341,Mark 10,3791,8
Οἴδατε,You know,V-RIA-2P,G1492,Mark 10,3792,8
δοκοῦντες,being accounted,V-PPA-NMP,G1380,Mark 10,3793,8
ἄρχειν,to rule over,V-PNA,G757,Mark 10,3794,8
ἐθνῶν,Gentiles,N-GNP,G1484,Mark 10,3795,8
κατακυριεύουσιν,exercise lordship over,V-PIA-3P,G2634,Mark 10,3796,8
μεγάλοι,great ones,Adj-NMP,G3173,Mark 10,3797,8
κατεξουσιάζουσιν,exercise authority over,V-PIA-3P,G2715,Mark 10,3798,8
οὐχ,Not,Adv,G3756,Mark 10,3799,8
οὕτως,thus,Adv,G3779,Mark 10,3800,8
δέ,however,Conj,G1161,Mark 10,3801,8
θέλῃ,desires,V-PSA-3S,G2309,Mark 10,3802,8
μέγας,great,Adj-NMS,G3173,Mark 10,3803,8
γενέσθαι,to become,V-ANM,G1096,Mark 10,3804,8
ἔσται,will be,V-FIM-3S,G1510,Mark 10,3805,8
διάκονος,servant,N-NMS,G1249,Mark 10,3806,8
εἶναι,to become,V-PNA,G1510,Mark 10,3807,8
πρῶτος,first,Adj-NMS,G4413,Mark 10,3808,8
πάντων,of all,Adj-GMP,G3956,Mark 10,3809,8
δοῦλος,slave,N-NMS,G1401,Mark 10,3810,8
ἦλθεν,came,V-AIA-3S,G2064,Mark 10,3811,8
διακονηθῆναι,to be served,V-ANP,G1247,Mark 10,3812,8
διακονῆσαι,to serve,V-ANA,G1247,Mark 10,3813,8
ψυχὴν,life,N-AFS,G5590,Mark 10,3814,8
λύτρον,as a ransom,N-ANS,G3083,Mark 10,3815,8
ἀντὶ,for,Prep,G473,Mark 10,3816,8
πολλῶν,many,Adj-GMP,G4183,Mark 10,3817,8
ἔρχονται,they come,V-PIM/P-3P,G2064,Mark 10,3818,8
Ἰεριχώ,Jericho,N-AFS,G2410,Mark 10,3819,8
Ἰεριχὼ,Jericho,N-GFS,G2410,Mark 10,3820,8
τῶν,the,Art-GMP,G3588,Mark 10,3821,8
μαθητῶν,disciples,N-GMP,G3101,Mark 10,3822,8
ὄχλου,a crowd,N-GMS,G3793,Mark 10,3823,8
ἱκανοῦ,large,Adj-GMS,G2425,Mark 10,3824,8
υἱὸς,son,N-NMS,G5207,Mark 10,3825,8
Τιμαίου,of Timaeus,N-GMS,G5090,Mark 10,3826,8
Βαρτιμαῖος,Bartimaeus,N-NMS,G924,Mark 10,3827,8
τυφλὸς,blind,Adj-NMS,G5185,Mark 10,3828,8
προσαίτης,beggar,N-NMS,G4319,Mark 10,3829,8
ἐκάθητο,was sitting,V-IIM/P-3S,G2521,Mark 10,3830,8
ὁδόν,road,N-AFS,G3598,Mark 10,3831,8
ἀκούσας,having heard,V-APA-NMS,G191,Mark 10,3832,8
Ναζαρηνός,Nazareth,N-NMS,G3479,Mark 10,3833,8
κράζειν,to cry out,V-PNA,G2896,Mark 10,3834,8
Υἱὲ,Son,N-VMS,G5207,Mark 10,3835,8
Δαυὶδ,of David,N-GMS,G1138,Mark 10,3836,8
Ἰησοῦ,Jesus,N-VMS,G2424,Mark 10,3837,8
ἐλέησόν,have mercy on,V-AMA-2S,G1653,Mark 10,3838,8
ἐπετίμων,were rebuking,V-IIA-3P,G2008,Mark 10,3839,8
σιωπήσῃ,he should be silent,V-ASA-3S,G4623,Mark 10,3840,8
πολλῷ,much,Adj-DNS,G4183,Mark 10,3841,8
μᾶλλον,more,Adv,G3123,Mark 10,3842,8
ἔκραζεν,he kept crying out,V-IIA-3S,G2896,Mark 10,3843,8
Δαυίδ,of David,N-GMS,G1138,Mark 10,3844,8
στὰς,having stopped,V-APA-NMS,G2476,Mark 10,3845,8
Φωνήσατε,to be called,V-AMA-2P,G5455,Mark 10,3846,8
φωνοῦσιν,they call,V-PIA-3P,G5455,Mark 10,3847,8
τυφλὸν,blind man,Adj-AMS,G5185,Mark 10,3848,8
Θάρσει,Take courage,V-PMA-2S,G2293,Mark 10,3849,8
ἔγειρε,Rise up,V-PMA-2S,G1453,Mark 10,3850,8
φωνεῖ,He calls,V-PIA-3S,G5455,Mark 10,3851,8
ἀποβαλὼν,having cast away,V-APA-NMS,G577,Mark 10,3852,8
ἱμάτιον,cloak,N-ANS,G2440,Mark 10,3853,8
ἀναπηδήσας,having risen up,V-APA-NMS,G1530,Mark 10,3854,8
Ἰησοῦν,Jesus,N-AMS,G2424,Mark 10,3855,8
θέλεις,do you desire,V-PIA-2S,G2309,Mark 10,3856,8
Ραββουνι,Rabboni,N-VMS,G4462,Mark 10,3857,8
ἀναβλέψω,I may receive sight,V-ASA-1S,G308,Mark 10,3858,8
Ὕπαγε,Go,V-PMA-2S,G5217,Mark 10,3859,8
πίστις,faith,N-NFS,G4102,Mark 10,3860,8
σέσωκέν,has healed,V-RIA-3S,G4982,Mark 10,3861,8
εὐθὺς,immediately,Adv,G2112,Mark 10,3862,8
ἀνέβλεψεν,he received sight,V-AIA-3S,G308,Mark 10,3863,8
ἠκολούθει,he began following,V-IIA-3S,G190,Mark 10,3864,8
Καὶ,And,Conj,G2532,Mark 11,3865,8
ὅτε,when,Adv,G3753,Mark 11,3866,8
ἐγγίζουσιν,they drew near,V-PIA-3P,G1448,Mark 11,3867,8
εἰς,to,Prep,G1519,Mark 11,3868,8
Ἱεροσόλυμα,Jerusalem,N-ANP,G2414,Mark 11,3869,8
Βηθφαγὴ,Bethphage,N-AFS,G967,Mark 11,3870,8
καὶ,and,Conj,G2532,Mark 11,3871,8
Βηθανίαν,Bethany,N-AFS,G963,Mark 11,3872,8
πρὸς,near,Prep,G4314,Mark 11,3873,8
τὸ,the,Art-ANS,G3588,Mark 11,3874,8
ὄρος,Mount,N-ANS,G3735,Mark 11,3875,8
τῶν,-,Art-GFP,G3588,Mark 11,3876,8
Ἐλαιῶν,of Olives,N-GFP,G1636,Mark 11,3877,8
ἀποστέλλει,He sends,V-PIA-3S,G649,Mark 11,3878,8
δύο,two,Adj-AMP,G1417,Mark 11,3879,8
τῶν,of the,Art-GMP,G3588,Mark 11,3880,8
μαθητῶν,disciples,N-GMP,G3101,Mark 11,3881,8
αὐτοῦ,of Him,PPro-GM3S,G846,Mark 11,3882,8
λέγει,says,V-PIA-3S,G3004,Mark 11,3883,8
αὐτοῖς,to them,PPro-DM3P,G846,Mark 11,3884,8
Ὑπάγετε,Go,V-PMA-2P,G5217,Mark 11,3885,8
τὴν,the,Art-AFS,G3588,Mark 11,3886,8
κώμην,village,N-AFS,G2968,Mark 11,3887,8
κατέναντι,before,Prep,G2713,Mark 11,3888,8
ὑμῶν,you,PPro-G2P,G4771,Mark 11,3889,8
εὐθὺς,immediately,Adv,G2112,Mark 11,3890,8
εἰσπορευόμενοι,entering,V-PPM/P-NMP,G1531,Mark 11,3891,8
αὐτὴν,it,PPro-AF3S,G846,Mark 11,3892,8
εὑρήσετε,you will find,V-FIA-2P,G2147,Mark 11,3893,8
πῶλον,a colt,N-AMS,G4454,Mark 11,3894,8
δεδεμένον,having been tied,V-RPM/P-AMS,G1210,Mark 11,3895,8
ἐφ,upon,Prep,G1909,Mark 11,3896,8
ὃν,which,RelPro-AMS,G3739,Mark 11,3897,8
οὐδεὶς,no one,Adj-NMS,G3762,Mark 11,3898,8
οὔπω,not yet,Adv,G3768,Mark 11,3899,8
ἀνθρώπων,of men,N-GMP,G444,Mark 11,3900,8
ἐκάθισεν,has sat,V-AIA-3S,G2523,Mark 11,3901,8
λύσατε,having untied,V-AMA-2P,G3089,Mark 11,3902,8
αὐτὸν,it,PPro-AM3S,G846,Mark 11,3903,8
φέρετε,bring it,V-PMA-2P,G5342,Mark 11,3904,8
ἐάν,if,Conj,G1437,Mark 11,3905,8
τις,anyone,IPro-NMS,G5100,Mark 11,3906,8
ὑμῖν,to you,PPro-D2P,G4771,Mark 11,3907,8
εἴπῃ,says,V-ASA-3S,G2036,Mark 11,3908,8
Τί,Why,IPro-ANS,G5101,Mark 11,3909,8
ποιεῖτε,are you doing,V-PIA-2P,G4160,Mark 11,3910,8
τοῦτο,this,DPro-ANS,G3778,Mark 11,3911,8
εἴπατε,say,V-AMA-2P,G2036,Mark 11,3912,8
Ὅτι,Because,Conj,G3754,Mark 11,3913,8
Ὁ,the,Art-NMS,G3588,Mark 11,3914,8
Κύριος,Lord,N-NMS,G2962,Mark 11,3915,8
χρείαν,need,N-AFS,G5532,Mark 11,3916,8
ἔχει,has,V-PIA-3S,G2192,Mark 11,3917,8
πάλιν,back,Adv,G3825,Mark 11,3918,8
ὧδε,here,Adv,G5602,Mark 11,3919,8
ἀπῆλθον,they departed,V-AIA-3P,G565,Mark 11,3920,8
εὗρον,found,V-AIA-3P,G2147,Mark 11,3921,8
θύραν,the door,N-AFS,G2374,Mark 11,3922,8
ἔξω,outside,Adv,G1854,Mark 11,3923,8
ἐπὶ,by,Prep,G1909,Mark 11,3924,8
τοῦ,the,Art-GNS,G3588,Mark 11,3925,8
ἀμφόδου,street,N-GNS,G296,Mark 11,3926,8
λύουσιν,they untied,V-PIA-3P,G3089,Mark 11,3927,8
αὐτόν,it,PPro-AM3S,G846,Mark 11,3928,8
καί,And,Conj,G2532,Mark 11,3929,8
τινες,some,IPro-NMP,G5100,Mark 11,3930,8
ἐκεῖ,there,Adv,G1563,Mark 11,3931,8
ἑστηκότων,standing,V-RPA-GMP,G2476,Mark 11,3932,8
ἔλεγον,were saying,V-IIA-3P,G2036,Mark 11,3933,8
λύοντες,untying,V-PPA-NMP,G3089,Mark 11,3934,8
τὸν,the,Art-AMS,G3588,Mark 11,3935,8
Οἱ,-,Art-NMP,G3588,Mark 11,3936,8
δὲ,And,Conj,G1161,Mark 11,3937,8
εἶπαν,they spoke,V-AIA-3P,G2036,Mark 11,3938,8
καθὼς,as,Adv,G2531,Mark 11,3939,8
εἶπεν,had commanded,V-AIA-3S,G2036,Mark 11,3940,8
ὁ,-,Art-NMS,G3588,Mark 11,3941,8
Ἰησοῦς,Jesus,N-NMS,G2424,Mark 11,3942,8
ἀφῆκαν,they allowed,V-AIA-3P,G863,Mark 11,3943,8
αὐτούς,them,PPro-AM3P,G846,Mark 11,3944,8
φέρουσιν,they led,V-PIA-3P,G5342,Mark 11,3945,8
Ἰησοῦν,Jesus,N-AMS,G2424,Mark 11,3946,8
ἐπιβάλλουσιν,they cast upon,V-PIA-3P,G1911,Mark 11,3947,8
αὐτῷ,it,PPro-DM3S,G846,Mark 11,3948,8
τὰ,the,Art-ANP,G3588,Mark 11,3949,8
ἱμάτια,cloaks,N-ANP,G2440,Mark 11,3950,8
αὐτῶν,of them,PPro-GM3P,G846,Mark 11,3951,8
ἐπ,on,Prep,G1909,Mark 11,3952,8
πολλοὶ,many,Adj-NMP,G4183,Mark 11,3953,8
ἔστρωσαν,spread,V-AIA-3P,G4766,Mark 11,3954,8
ὁδόν,road,N-AFS,G3598,Mark 11,3955,8
ἄλλοι,others,Adj-NMP,G243,Mark 11,3956,8
στιβάδας,branches,N-AFP,G4746,Mark 11,3957,8
κόψαντες,having been cut down,V-APA-NMP,G2875,Mark 11,3958,8
ἐκ,from,Prep,G1537,Mark 11,3959,8
ἀγρῶν,fields,N-GMP,G68,Mark 11,3960,8
οἱ,those,Art-NMP,G3588,Mark 11,3961,8
προάγοντες,going before,V-PPA-NMP,G4254,Mark 11,3962,8
ἀκολουθοῦντες,following,V-PPA-NMP,G190,Mark 11,3963,8
ἔκραζον,were crying out,V-IIA-3P,G2896,Mark 11,3964,8
Ὡσαννά,Hosanna,Heb,G5614,Mark 11,3965,8
Εὐλογημένος,Blessed is,V-RPM/P-NMS,G2127,Mark 11,3966,8
ἐρχόμενος,coming,V-PPM/P-NMS,G2064,Mark 11,3967,8
ἐν,in the,Prep,G1722,Mark 11,3968,8
ὀνόματι,name,N-DNS,G3686,Mark 11,3969,8
Κυρίου,of the Lord,N-GMS,G2962,Mark 11,3970,8
Εὐλογημένη,Blessed,V-RPM/P-NFS,G2127,Mark 11,3971,8
ἡ,is the,Art-NFS,G3588,Mark 11,3972,8
ἐρχομένη,coming,V-PPM/P-NFS,G2064,Mark 11,3973,8
βασιλεία,kingdom,N-NFS,G932,Mark 11,3974,8
τοῦ,of the,Art-GMS,G3588,Mark 11,3975,8
πατρὸς,father,N-GMS,G3962,Mark 11,3976,8
ἡμῶν,of us,PPro-G1P,G1473,Mark 11,3977,8
Δαυίδ,David,N-GMS,G1138,Mark 11,3978,8
Ὡσαννὰ,Hosanna,Heb,G5614,Mark 11,3979,8
τοῖς,the,Art-DNP,G3588,Mark 11,3980,8
ὑψίστοις,highest,Adj-DNP-S,G5310,Mark 11,3981,8
εἰσῆλθεν,He entered,V-AIA-3S,G1525,Mark 11,3982,8
ἱερόν,temple,N-ANS,G2411,Mark 11,3983,8
περιβλεψάμενος,having looked around on,V-APM-NMS,G4017,Mark 11,3984,8
πάντα,all things,Adj-ANP,G3956,Mark 11,3985,8
ὀψὲ,late,Adv,G3796,Mark 11,3986,8
ἤδη,already,Adv,G2235,Mark 11,3987,8
οὔσης,being,V-PPA-GFS,G1510,Mark 11,3988,8
τῆς,the,Art-GFS,G3588,Mark 11,3989,8
ὥρας,hour,N-GFS,G5610,Mark 11,3990,8
ἐξῆλθεν,He went out,V-AIA-3S,G1831,Mark 11,3991,8
μετὰ,with,Prep,G3326,Mark 11,3992,8
δώδεκα,Twelve,Adj-GMP,G1427,Mark 11,3993,8
τῇ,on the,Art-DFS,G3588,Mark 11,3994,8
ἐπαύριον,next day,Adv,G1887,Mark 11,3995,8
ἐξελθόντων,having gone out,V-APA-GMP,G1831,Mark 11,3996,8
ἀπὸ,from,Prep,G575,Mark 11,3997,8
Βηθανίας,Bethany,N-GFS,G963,Mark 11,3998,8
ἐπείνασεν,He was hungry,V-AIA-3S,G3983,Mark 11,3999,8
ἰδὼν,having seen,V-APA-NMS,G3708,Mark 11,4000,8
συκῆν,a fig tree,N-AFS,G4808,Mark 11,4001,8
μακρόθεν,afar,Adv,G3113,Mark 11,4002,8
ἔχουσαν,having,V-PPA-AFS,G2192,Mark 11,4003,8
φύλλα,leaves,N-ANP,G5444,Mark 11,4004,8
ἦλθεν,He went,V-AIA-3S,G2064,Mark 11,4005,8
εἰ,if,Conj,G1487,Mark 11,4006,8
ἄρα,perhaps,Conj,G687,Mark 11,4007,8
τι,anything,IPro-ANS,G5100,Mark 11,4008,8
εὑρήσει,He will find,V-FIA-3S,G2147,Mark 11,4009,8
αὐτῇ,it,PPro-DF3S,G846,Mark 11,4010,8
ἐλθὼν,having come,V-APA-NMS,G2064,Mark 11,4011,8
οὐδὲν,nothing,Adj-ANS,G3762,Mark 11,4012,8
εὗρεν,He found,V-AIA-3S,G2147,Mark 11,4013,8
μὴ,not,Adv,G3361,Mark 11,4014,8
γὰρ,for,Conj,G1063,Mark 11,4015,8
καιρὸς,season,N-NMS,G2540,Mark 11,4016,8
οὐκ,not,Adv,G3756,Mark 11,4017,8
ἦν,it was,V-IIA-3S,G1510,Mark 11,4018,8
σύκων,of figs,N-GNP,G4810,Mark 11,4019,8
ἀποκριθεὶς,answering,V-APP-NMS,G611,Mark 11,4020,8
Μηκέτι,No more,Adv,G3371,Mark 11,4021,8
αἰῶνα,age,N-AMS,G165,Mark 11,4022,8
σοῦ,you,PPro-G2S,G4771,Mark 11,4023,8
μηδεὶς,no one,Adj-NMS,G3367,Mark 11,4024,8
καρπὸν,fruit,N-AMS,G2590,Mark 11,4025,8
φάγοι,may eat,V-AOA-3S,G5315,Mark 11,4026,8
ἤκουον,were listening,V-IIA-3P,G191,Mark 11,4027,8
μαθηταὶ,disciples,N-NMP,G3101,Mark 11,4028,8
ἔρχονται,they come,V-PIM/P-3P,G2064,Mark 11,4029,8
εἰσελθὼν,having entered,V-APA-NMS,G1525,Mark 11,4030,8
ἱερὸν,temple,N-ANS,G2411,Mark 11,4031,8
ἤρξατο,He began,V-AIM-3S,G756,Mark 11,4032,8
ἐκβάλλειν,to cast out,V-PNA,G1544,Mark 11,4033,8
τοὺς,those,Art-AMP,G3588,Mark 11,4034,8
πωλοῦντας,selling,V-PPA-AMP,G4453,Mark 11,4035,8
ἀγοράζοντας,buying,V-PPA-AMP,G59,Mark 11,4036,8
τῷ,the,Art-DNS,G3588,Mark 11,4037,8
ἱερῷ,temple,N-DNS,G2411,Mark 11,4038,8
τὰς,the,Art-AFP,G3588,Mark 11,4039,8
τραπέζας,tables,N-AFP,G5132,Mark 11,4040,8
κολλυβιστῶν,money changers,N-GMP,G2855,Mark 11,4041,8
καθέδρας,seats,N-AFP,G2515,Mark 11,4042,8
πωλούντων,selling,V-PPA-GMP,G4453,Mark 11,4043,8
περιστερὰς,doves,N-AFP,G4058,Mark 11,4044,8
κατέστρεψεν,He overturned,V-AIA-3S,G2690,Mark 11,4045,8
ἤφιεν,He would permit,V-IIA-3S,G863,Mark 11,4046,8
ἵνα,that,Conj,G2443,Mark 11,4047,8
διενέγκῃ,should carry,V-ASA-3S,G1308,Mark 11,4048,8
σκεῦος,a vessel,N-ANS,G4632,Mark 11,4049,8
διὰ,through,Prep,G1223,Mark 11,4050,8
ἱεροῦ,temple,N-GNS,G2411,Mark 11,4051,8
ἐδίδασκεν,He began teaching,V-IIA-3S,G1321,Mark 11,4052,8
ἔλεγεν,was saying,V-IIA-3S,G2036,Mark 11,4053,8
Οὐ,Not,Adv,G3756,Mark 11,4054,8
γέγραπται,has it been written,V-RIM/P-3S,G1125,Mark 11,4055,8
ὅτι,-,Conj,G3754,Mark 11,4056,8
οἶκός,house,N-NMS,G3624,Mark 11,4057,8
μου,of Me,PPro-G1S,G1473,Mark 11,4058,8
οἶκος,a house,N-NMS,G3624,Mark 11,4059,8
προσευχῆς,of prayer,N-GFS,G4335,Mark 11,4060,8
κληθήσεται,will be called,V-FIP-3S,G2564,Mark 11,4061,8
πᾶσιν,for all,Adj-DNP,G3956,Mark 11,4062,8
ἔθνεσιν,nations,N-DNP,G1484,Mark 11,4063,8
ὑμεῖς,You,PPro-N2P,G4771,Mark 11,4064,8
πεποιήκατε,have made,V-RIA-2P,G4160,Mark 11,4065,8
Σπήλαιον,a den,N-ANS,G4693,Mark 11,4066,8
λῃστῶν,of robbers,N-GMP,G3027,Mark 11,4067,8
ἤκουσαν,heard it,V-AIA-3P,G191,Mark 11,4068,8
ἀρχιερεῖς,chief priests,N-NMP,G749,Mark 11,4069,8
γραμματεῖς,scribes,N-NMP,G1122,Mark 11,4070,8
ἐζήτουν,they were seeking,V-IIA-3P,G2212,Mark 11,4071,8
πῶς,how,Adv,G4459,Mark 11,4072,8
ἀπολέσωσιν,they might destroy,V-ASA-3P,G622,Mark 11,4073,8
ἐφοβοῦντο,they were afraid of,V-IIM/P-3P,G5399,Mark 11,4074,8
πᾶς,all,Adj-NMS,G3956,Mark 11,4075,8
ὄχλος,crowd,N-NMS,G3793,Mark 11,4076,8
ἐξεπλήσσετο,was astonished,V-IIM/P-3S,G1605,Mark 11,4077,8
διδαχῇ,teaching,N-DFS,G1322,Mark 11,4078,8
ὅταν,when,Conj,G3752,Mark 11,4079,8
ἐγένετο,came,V-AIM-3S,G1096,Mark 11,4080,8
ἐξεπορεύοντο,they were going forth,V-IIM/P-3P,G1607,Mark 11,4081,8
ἔξω,out of,Prep,G1854,Mark 11,4082,8
πόλεως,city,N-GFS,G4172,Mark 11,4083,8
παραπορευόμενοι,passing by,V-PPM/P-NMP,G3899,Mark 11,4084,8
πρωῒ,in the morning,Adv,G4404,Mark 11,4085,8
εἶδον,they saw,V-AIA-3P,G3708,Mark 11,4086,8
ἐξηραμμένην,having been dried up,V-RPM/P-AFS,G3583,Mark 11,4087,8
ῥιζῶν,roots,N-GFP,G4491,Mark 11,4088,8
ἀναμνησθεὶς,having remembered,V-APP-NMS,G363,Mark 11,4089,8
Πέτρος,Peter,N-NMS,G4074,Mark 11,4090,8
Ῥαββί,Rabbi,N-VMS,G4461,Mark 11,4091,8
ἴδε,look,V-AMA-2S,G2400,Mark 11,4092,8
συκῆ,fig tree,N-NFS,G4808,Mark 11,4093,8
ἣν,that,RelPro-AFS,G3739,Mark 11,4094,8
κατηράσω,You cursed,V-AIM-2S,G2672,Mark 11,4095,8
ἐξήρανται,is dried up,V-RIM/P-3S,G3583,Mark 11,4096,8
Ἔχετε,Have,V-PMA-2P,G2192,Mark 11,4097,8
πίστιν,faith,N-AFS,G4102,Mark 11,4098,8
θεοῦ,from God,N-GMS,G2316,Mark 11,4099,8
ἀμὴν,Truly,Heb,G281,Mark 11,4100,8
λέγω,I say,V-PIA-1S,G3004,Mark 11,4101,8
ὃς,whoever,RelPro-NMS,G3739,Mark 11,4102,8
ἂν,-,Prtcl,G302,Mark 11,4103,8
ὄρει,mountain,N-DNS,G3735,Mark 11,4104,8
τούτῳ,this,DPro-DNS,G3778,Mark 11,4105,8
Ἄρθητι,Be you taken away,V-AMP-2S,G142,Mark 11,4106,8
βλήθητι,be you cast,V-AMP-2S,G906,Mark 11,4107,8
θάλασσαν,sea,N-AFS,G2281,Mark 11,4108,8
διακριθῇ,shall doubt,V-ASP-3S,G1252,Mark 11,4109,8
καρδίᾳ,heart,N-DFS,G2588,Mark 11,4110,8
ἀλλὰ,but,Conj,G235,Mark 11,4111,8
πιστεύῃ,shall believe,V-PSA-3S,G4100,Mark 11,4112,8
ὃ,what,RelPro-ANS,G3739,Mark 11,4113,8
λαλεῖ,he says,V-PIA-3S,G2980,Mark 11,4114,8
γίνεται,takes place,V-PIM/P-3S,G1096,Mark 11,4115,8
ἔσται,it will be done,V-FIM-3S,G1510,Mark 11,4116,8
ὅσα,whatever,RelPro-ANP,G3745,Mark 11,4117,8
προσεύχεσθε,praying,V-PIM/P-2P,G4336,Mark 11,4118,8
αἰτεῖσθε,you ask,V-PIM-2P,G154,Mark 11,4119,8
πιστεύετε,believe,V-PMA-2P,G4100,Mark 11,4120,8
ἐλάβετε,you receive,V-AIA-2P,G2983,Mark 11,4121,8
στήκετε,you may stand,V-PIA-2P,G4739,Mark 11,4122,8
προσευχόμενοι,praying,V-PPM/P-NMP,G4336,Mark 11,4123,8
ἀφίετε,forgive,V-PMA-2P,G863,Mark 11,4124,8
εἴ,if,Conj,G1487,Mark 11,4125,8
ἔχετε,you have,V-PIA-2P,G2192,Mark 11,4126,8
κατά,against,Prep,G2596,Mark 11,4127,8
τινος,anyone,IPro-GMS,G5100,Mark 11,4128,8
Πατὴρ,Father,N-NMS,G3962,Mark 11,4129,8
τοῖς,the,Art-DMP,G3588,Mark 11,4130,8
οὐρανοῖς,heavens,N-DMP,G3772,Mark 11,4131,8
ἀφῇ,might forgive,V-ASA-3S,G863,Mark 11,4132,8
παραπτώματα,trespasses,N-ANP,G3900,Mark 11,4133,8
Εἰ,If,Conj,G1487,Mark 11,4134,8
οὖκ,not,Adv,G3756,Mark 11,4135,8
οὐδὲ,neither,Conj,G3761,Mark 11,4136,8
πατὴρ,Father,N-NMS,G3962,Mark 11,4137,8
ἀφήσει,will forgive,V-FIA-3S,G863,Mark 11,4138,8
τὰ,the,Art-NNP,G3588,Mark 11,4139,8
ὑμῶν,of you,PPro-G2P,G4771,Mark 11,4140,8
περιπατοῦντος,is walking,V-PPA-GMS,G4043,Mark 11,4141,8
πρεσβύτεροι,elders,Adj-NMP,G4245,Mark 11,4142,8
Ἐν,By,Prep,G1722,Mark 11,4143,8
ποίᾳ,what,IPro-DFS,G4169,Mark 11,4144,8
ἐξουσίᾳ,authority,N-DFS,G1849,Mark 11,4145,8
ταῦτα,these things,DPro-ANP,G3778,Mark 11,4146,8
ποιεῖς,are You doing,V-PIA-2S,G4160,Mark 11,4147,8
ἢ,Or,Conj,G2228,Mark 11,4148,8
τίς,who,IPro-NMS,G5101,Mark 11,4149,8
σοι,You,PPro-D2S,G4771,Mark 11,4150,8
ἔδωκεν,gave,V-AIA-3S,G1325,Mark 11,4151,8
ἐξουσίαν,authority,N-AFS,G1849,Mark 11,4152,8
ταύτην,this,DPro-AFS,G3778,Mark 11,4153,8
ποιῇς,You should do,V-PSA-2S,G4160,Mark 11,4154,8
Ἐπερωτήσω,I will ask,V-FIA-1S,G1905,Mark 11,4155,8
ὑμᾶς,you,PPro-A2P,G4771,Mark 11,4156,8
ἕνα,one,Adj-AMS,G1520,Mark 11,4157,8
λόγον,question,N-AMS,G3056,Mark 11,4158,8
ἀποκρίθητέ,you answer,V-AMP-2P,G611,Mark 11,4159,8
μοι,Me,PPro-D1S,G1473,Mark 11,4160,8
ἐρῶ,I will tell,V-FIA-1S,G2046,Mark 11,4161,8
ποιῶ,I do,V-PIA-1S,G4160,Mark 11,4162,8
τὸ,The,Art-NNS,G3588,Mark 11,4163,8
βάπτισμα,baptism,N-NNS,G908,Mark 11,4164,8
Ἰωάννου,of John,N-GMS,G2491,Mark 11,4165,8
ἐξ,from,Prep,G1537,Mark 11,4166,8
οὐρανοῦ,heaven,N-GMS,G3772,Mark 11,4167,8
διελογίζοντο,they began reasoning,V-IIM/P-3P,G1260,Mark 11,4168,8
ἑαυτοὺς,themselves,RefPro-AM3P,G1438,Mark 11,4169,8
λέγοντες,saying,V-PPA-NMP,G3004,Mark 11,4170,8
Τί,What,IPro-ANS,G5101,Mark 11,4171,8
εἴπωμεν,should we say,V-ASA-1P,G2036,Mark 11,4172,8
Ἐὰν,If,Conj,G1437,Mark 11,4173,8
εἴπωμεν,we should say,V-ASA-1P,G2036,Mark 11,4174,8
Ἐξ,From,Prep,G1537,Mark 11,4175,8
ἐρεῖ,He will say,V-FIA-3S,G2046,Mark 11,4176,8
Διὰ,Because of,Prep,G1223,Mark 11,4177,8
τί,why,IPro-ANS,G5101,Mark 11,4178,8
οὖν,then,Conj,G3767,Mark 11,4179,8
ἐπιστεύσατε,did you believe,V-AIA-2P,G4100,Mark 11,4180,8
ὄχλον,people,N-AMS,G3793,Mark 11,4181,8
ἅπαντες,all,Adj-NMP,G537,Mark 11,4182,8
εἶχον,were holding,V-IIA-3P,G2192,Mark 11,4183,8
Ἰωάννην,John,N-AMS,G2491,Mark 11,4184,8
ὄντως,truly,Adv,G3689,Mark 11,4185,8
προφήτης,a prophet,N-NMS,G4396,Mark 11,4186,8
ἀποκριθέντες,answering,V-APP-NMP,G611,Mark 11,4187,8
τῷ,-,Art-DMS,G3588,Mark 11,4188,8
Ἰησοῦ,to Jesus,N-DMS,G2424,Mark 11,4189,8
λέγουσιν,they say,V-PIA-3P,G3004,Mark 11,4190,8
Οὐκ,Not,Adv,G3756,Mark 11,4191,8
οἴδαμεν,do we know,V-RIA-1P,G1492,Mark 11,4192,8
Οὐδὲ,Neither,Adv,G3761,Mark 11,4193,8
ἐγὼ,I,PPro-N1S,G1473,Mark 11,4194,8
Καὶ,And,Conj,G2532,Mark 12,4195,8
ἤρξατο,He began,V-AIM-3S,G756,Mark 12,4196,8
αὐτοῖς,to them,PPro-DM3P,G846,Mark 12,4197,8
ἐν,in,Prep,G1722,Mark 12,4198,8
παραβολαῖς,parables,N-DFP,G3850,Mark 12,4199,8
λαλεῖν,to speak,V-PNA,G2980,Mark 12,4200,8
Ἀμπελῶνα,A vineyard,N-AMS,G290,Mark 12,4201,8
ἄνθρωπος,a man,N-NMS,G444,Mark 12,4202,8
ἐφύτευσεν,planted,V-AIA-3S,G5452,Mark 12,4203,8
καὶ,and,Conj,G2532,Mark 12,4204,8
περιέθηκεν,he placed around it,V-AIA-3S,G4060,Mark 12,4205,8
φραγμὸν,a fence,N-AMS,G5418,Mark 12,4206,8
ὤρυξεν,dug,V-AIA-3S,G3736,Mark 12,4207,8
ὑπολήνιον,a wine vat,N-ANS,G5276,Mark 12,4208,8
ᾠκοδόμησεν,built,V-AIA-3S,G3618,Mark 12,4209,8
πύργον,a tower,N-AMS,G4444,Mark 12,4210,8
ἐξέδετο,rented out,V-AIM-3S,G1554,Mark 12,4211,8
αὐτὸν,it,PPro-AM3S,G846,Mark 12,4212,8
γεωργοῖς,to farmers,N-DMP,G1092,Mark 12,4213,8
ἀπεδήμησεν,traveled abroad,V-AIA-3S,G589,Mark 12,4214,8
ἀπέστειλεν,he sent,V-AIA-3S,G649,Mark 12,4215,8
πρὸς,to,Prep,G4314,Mark 12,4216,8
τοὺς,the,Art-AMP,G3588,Mark 12,4217,8
γεωργοὺς,farmers,N-AMP,G1092,Mark 12,4218,8
τῷ,at the,Art-DMS,G3588,Mark 12,4219,8
καιρῷ,due time,N-DMS,G2540,Mark 12,4220,8
δοῦλον,a servant,N-AMS,G1401,Mark 12,4221,8
ἵνα,that,Conj,G2443,Mark 12,4222,8
παρὰ,from,Prep,G3844,Mark 12,4223,8
τῶν,the,Art-GMP,G3588,Mark 12,4224,8
γεωργῶν,farmers,N-GMP,G1092,Mark 12,4225,8
λάβῃ,he might receive,V-ASA-3S,G2983,Mark 12,4226,8
ἀπὸ,from,Prep,G575,Mark 12,4227,8
καρπῶν,fruit,N-GMP,G2590,Mark 12,4228,8
τοῦ,of the,Art-GMS,G3588,Mark 12,4229,8
ἀμπελῶνος,vineyard,N-GMS,G290,Mark 12,4230,8
λαβόντες,having taken,V-APA-NMP,G2983,Mark 12,4231,8
ἔδειραν,they beat him,V-AIA-3P,G1194,Mark 12,4232,8
ἀπέστειλαν,sent him away,V-AIA-3P,G649,Mark 12,4233,8
κενόν,empty-handed,Adj-AMS,G2756,Mark 12,4234,8
πάλιν,again,Adv,G3825,Mark 12,4235,8
αὐτοὺς,them,PPro-AM3P,G846,Mark 12,4236,8
ἄλλον,another,Adj-AMS,G243,Mark 12,4237,8
κἀκεῖνον,and him,DPro-AMS,G2548,Mark 12,4238,8
ἐκεφαλίωσαν,they struck on the head,V-AIA-3P,G2775,Mark 12,4239,8
ἠτίμασαν,treated shamefully,V-AIA-3P,G818,Mark 12,4240,8
ἀπέκτειναν,they killed,V-AIA-3P,G615,Mark 12,4241,8
πολλοὺς,many,Adj-AMP,G4183,Mark 12,4242,8
ἄλλους,others,Adj-AMP,G243,Mark 12,4243,8
οὓς,some,RelPro-AMP,G3739,Mark 12,4244,8
μὲν,indeed,Conj,G3303,Mark 12,4245,8
δέροντες,beating,V-PPA-NMP,G1194,Mark 12,4246,8
δὲ,then,Conj,G1161,Mark 12,4247,8
ἀποκτέννοντες,killing,V-PPA-NMP,G615,Mark 12,4248,8
Ἔτι,Yet,Adv,G2089,Mark 12,4249,8
ἕνα,one,Adj-AMS,G1520,Mark 12,4250,8
εἶχεν,having,V-IIA-3S,G2192,Mark 12,4251,8
υἱὸν,son,N-AMS,G5207,Mark 12,4252,8
ἀγαπητόν,beloved,Adj-AMS,G27,Mark 12,4253,8
ἔσχατον,last,Adj-AMS,G2078,Mark 12,4254,8
λέγων,saying,V-PPA-NMS,G3004,Mark 12,4255,8
ὅτι,-,Conj,G3754,Mark 12,4256,8
Ἐντραπήσονται,They will have respect for,V-FIP-3P,G1788,Mark 12,4257,8
τὸν,the,Art-AMS,G3588,Mark 12,4258,8
υἱόν,son,N-AMS,G5207,Mark 12,4259,8
μου,of me,PPro-G1S,G1473,Mark 12,4260,8
Ἐκεῖνοι,Those,DPro-NMP,G1565,Mark 12,4261,8
οἱ,-,Art-NMP,G3588,Mark 12,4262,8
γεωργοὶ,farmers,N-NMP,G1092,Mark 12,4263,8
ἑαυτοὺς,themselves,RefPro-AM3P,G1438,Mark 12,4264,8
εἶπαν,said,V-AIA-3P,G2036,Mark 12,4265,8
Οὗτός,This,DPro-NMS,G3778,Mark 12,4266,8
ἐστιν,is,V-PIA-3S,G1510,Mark 12,4267,8
ὁ,the,Art-NMS,G3588,Mark 12,4268,8
κληρονόμος,heir,N-NMS,G2818,Mark 12,4269,8
δεῦτε,come,V-M-2P,G1205,Mark 12,4270,8
ἀποκτείνωμεν,let us kill,V-ASA-1P,G615,Mark 12,4271,8
αὐτόν,him,PPro-AM3S,G846,Mark 12,4272,8
ἡμῶν,ours,PPro-G1P,G1473,Mark 12,4273,8
ἔσται,will be,V-FIM-3S,G1510,Mark 12,4274,8
ἡ,the,Art-NFS,G3588,Mark 12,4275,8
κληρονομία,inheritance,N-NFS,G2817,Mark 12,4276,8
ἐξέβαλον,cast forth,V-AIA-3P,G1544,Mark 12,4277,8
ἔξω,outside,Prep,G1854,Mark 12,4278,8
Τί,What,IPro-ANS,G5101,Mark 12,4279,8
οὖν,therefore,Conj,G3767,Mark 12,4280,8
ποιήσει,will do,V-FIA-3S,G4160,Mark 12,4281,8
κύριος,master,N-NMS,G2962,Mark 12,4282,8
ἐλεύσεται,He will come,V-FIM-3S,G2064,Mark 12,4283,8
ἀπολέσει,will destroy,V-FIA-3S,G622,Mark 12,4284,8
γεωργούς,farmers,N-AMP,G1092,Mark 12,4285,8
δώσει,will give,V-FIA-3S,G1325,Mark 12,4286,8
ἀμπελῶνα,vineyard,N-AMS,G290,Mark 12,4287,8
ἄλλοις,to others,Adj-DMP,G243,Mark 12,4288,8
οὐδὲ,Not even,Adv,G3761,Mark 12,4289,8
τὴν,the,Art-AFS,G3588,Mark 12,4290,8
γραφὴν,Scripture,N-AFS,G1124,Mark 12,4291,8
ταύτην,this,DPro-AFS,G3778,Mark 12,4292,8
ἀνέγνωτε,have you read,V-AIA-2P,G314,Mark 12,4293,8
Λίθον,The stone,N-AMS,G3037,Mark 12,4294,8
ὃν,which,RelPro-AMS,G3739,Mark 12,4295,8
ἀπεδοκίμασαν,rejected,V-AIA-3P,G593,Mark 12,4296,8
οἰκοδομοῦντες,building,V-PPA-NMP,G3618,Mark 12,4297,8
Οὗτος,this,DPro-NMS,G3778,Mark 12,4298,8
ἐγενήθη,has become,V-AIP-3S,G1096,Mark 12,4299,8
εἰς,the,Prep,G1519,Mark 12,4300,8
κεφαλὴν,chief,N-AFS,G2776,Mark 12,4301,8
γωνίας,corner,N-GFS,G1137,Mark 12,4302,8
Παρὰ,from the,Prep,G3844,Mark 12,4303,8
Κυρίου,Lord,N-GMS,G2962,Mark 12,4304,8
ἐγένετο,was,V-AIM-3S,G1096,Mark 12,4305,8
αὕτη,this,DPro-NFS,G3778,Mark 12,4306,8
ἔστιν,it is,V-PIA-3S,G1510,Mark 12,4307,8
θαυμαστὴ,marvelous,Adj-NFS,G2298,Mark 12,4308,8
ὀφθαλμοῖς,the eyes,N-DMP,G3788,Mark 12,4309,8
ἐζήτουν,they were seeking,V-IIA-3P,G2212,Mark 12,4310,8
κρατῆσαι,to lay hold of,V-ANA,G2902,Mark 12,4311,8
ἐφοβήθησαν,they feared,V-AIP-3P,G5399,Mark 12,4312,8
ὄχλον,crowd,N-AMS,G3793,Mark 12,4313,8
ἔγνωσαν,they knew,V-AIA-3P,G1097,Mark 12,4314,8
γὰρ,for,Conj,G1063,Mark 12,4315,8
παραβολὴν,parable,N-AFS,G3850,Mark 12,4316,8
εἶπεν,He had spoken,V-AIA-3S,G2036,Mark 12,4317,8
ἀφέντες,having left,V-APA-NMP,G863,Mark 12,4318,8
ἀπῆλθον,they went away,V-AIA-3P,G565,Mark 12,4319,8
ἀποστέλλουσιν,they send,V-PIA-3P,G649,Mark 12,4320,8
τινας,some,IPro-AMP,G5100,Mark 12,4321,8
Φαρισαίων,Pharisees,N-GMP,G5330,Mark 12,4322,8
Ἡρῳδιανῶν,Herodians,N-GMP,G2265,Mark 12,4323,8
ἀγρεύσωσιν,they might catch,V-ASA-3P,G64,Mark 12,4324,8
λόγῳ,in discourse,N-DMS,G3056,Mark 12,4325,8
ἐλθόντες,having come,V-APA-NMP,G2064,Mark 12,4326,8
λέγουσιν,they say,V-PIA-3P,G3004,Mark 12,4327,8
αὐτῷ,to Him,PPro-DM3S,G846,Mark 12,4328,8
Διδάσκαλε,Teacher,N-VMS,G1320,Mark 12,4329,8
οἴδαμεν,we know,V-RIA-1P,G1492,Mark 12,4330,8
ἀληθὴς,TRUE,Adj-NMS,G227,Mark 12,4331,8
εἶ,You are,V-PIA-2S,G1510,Mark 12,4332,8
οὐ,not,Adv,G3756,Mark 12,4333,8
μέλει,there is care,V-PIA-3S,G3199,Mark 12,4334,8
σοι,to You,PPro-D2S,G4771,Mark 12,4335,8
περὶ,about,Prep,G4012,Mark 12,4336,8
οὐδενός,no one,Adj-GMS,G3762,Mark 12,4337,8
βλέπεις,You look,V-PIA-2S,G991,Mark 12,4338,8
πρόσωπον,appearance,N-ANS,G4383,Mark 12,4339,8
ἀνθρώπων,of men,N-GMP,G444,Mark 12,4340,8
ἀλλ,but,Conj,G235,Mark 12,4341,8
ἐπ,on the basis of,Prep,G1909,Mark 12,4342,8
ἀληθείας,the truth,N-GFS,G225,Mark 12,4343,8
ὁδὸν,way,N-AFS,G3598,Mark 12,4344,8
Θεοῦ,of God,N-GMS,G2316,Mark 12,4345,8
διδάσκεις,teach,V-PIA-2S,G1321,Mark 12,4346,8
ἔξεστιν,Is it lawful,V-PIA-3S,G1832,Mark 12,4347,8
δοῦναι,to give,V-ANA,G1325,Mark 12,4348,8
κῆνσον,tribute,N-AMS,G2778,Mark 12,4349,8
Καίσαρι,to Caesar,N-DMS,G2541,Mark 12,4350,8
ἢ,or,Conj,G2228,Mark 12,4351,8
οὔ,not,Adv,G3756,Mark 12,4352,8
δῶμεν,Should we pay,V-ASA-1P,G1325,Mark 12,4353,8
μὴ,not,Adv,G3361,Mark 12,4354,8
Ὁ,-,Art-NMS,G3588,Mark 12,4355,8
εἰδὼς,knowing,V-RPA-NMS,G1492,Mark 12,4356,8
αὐτῶν,of them,PPro-GM3P,G846,Mark 12,4357,8
ὑπόκρισιν,hypocrisy,N-AFS,G5272,Mark 12,4358,8
με,Me,PPro-A1S,G1473,Mark 12,4359,8
πειράζετε,do you test,V-PIA-2P,G3985,Mark 12,4360,8
φέρετέ,Bring,V-PMA-2P,G5342,Mark 12,4361,8
μοι,Me,PPro-D1S,G1473,Mark 12,4362,8
δηνάριον,a denarius,N-ANS,G1220,Mark 12,4363,8
ἴδω,I might see it,V-ASA-1S,G3708,Mark 12,4364,8
ἤνεγκαν,they brought it,V-AIA-3P,G5342,Mark 12,4365,8
λέγει,He says,V-PIA-3S,G3004,Mark 12,4366,8
Τίνος,Whose is,IPro-GMS,G5101,Mark 12,4367,8
εἰκὼν,likeness,N-NFS,G1504,Mark 12,4368,8
ἐπιγραφή,inscription,N-NFS,G1923,Mark 12,4369,8
Οἱ,-,Art-NMP,G3588,Mark 12,4370,8
Καίσαρος,Caesar’s,N-GMS,G2541,Mark 12,4371,8
Ἰησοῦς,Jesus,N-NMS,G2424,Mark 12,4372,8
Τὰ,The things,Art-ANP,G3588,Mark 12,4373,8
ἀπόδοτε,give back,V-AMA-2P,G591,Mark 12,4374,8
τὰ,the things,Art-ANP,G3588,Mark 12,4375,8
Θεῷ,to God,N-DMS,G2316,Mark 12,4376,8
ἐξεθαύμαζον,they were amazed,V-IIA-3P,G2296,Mark 12,4377,8
ἔρχονται,come,V-PIM/P-3P,G2064,Mark 12,4378,8
Σαδδουκαῖοι,Sadducees,N-NMP,G4523,Mark 12,4379,8
οἵτινες,who,RelPro-NMP,G3748,Mark 12,4380,8
ἀνάστασιν,a resurrection,N-AFS,G386,Mark 12,4381,8
εἶναι,there is,V-PNA,G1510,Mark 12,4382,8
ἐπηρώτων,they began questioning,V-IIA-3P,G1905,Mark 12,4383,8
λέγοντες,saying,V-PPA-NMP,G3004,Mark 12,4384,8
Μωϋσῆς,Moses,N-NMS,G3475,Mark 12,4385,8
ἔγραψεν,wrote,V-AIA-3S,G1125,Mark 12,4386,8
ἡμῖν,for us,PPro-D1P,G1473,Mark 12,4387,8
ἐάν,if,Conj,G1437,Mark 12,4388,8
τινος,of anyone,IPro-GMS,G5100,Mark 12,4389,8
ἀδελφὸς,a brother,N-NMS,G80,Mark 12,4390,8
ἀποθάνῃ,should die,V-ASA-3S,G599,Mark 12,4391,8
καταλίπῃ,leave behind,V-ASA-3S,G2641,Mark 12,4392,8
γυναῖκα,a wife,N-AFS,G1135,Mark 12,4393,8
ἀφῇ,leave,V-ASA-3S,G863,Mark 12,4394,8
τέκνον,children,N-ANS,G5043,Mark 12,4395,8
αὐτοῦ,of him,PPro-GM3S,G846,Mark 12,4396,8
ἐξαναστήσῃ,raise up,V-ASA-3S,G1817,Mark 12,4397,8
σπέρμα,seed,N-ANS,G4690,Mark 12,4398,8
ἀδελφῷ,brother,N-DMS,G80,Mark 12,4399,8
ἑπτὰ,Seven,Adj-NMP,G2033,Mark 12,4400,8
ἀδελφοὶ,brothers,N-NMP,G80,Mark 12,4401,8
ἦσαν,there were,V-IIA-3P,G1510,Mark 12,4402,8
πρῶτος,first,Adj-NMS,G4413,Mark 12,4403,8
ἔλαβεν,took,V-AIA-3S,G2983,Mark 12,4404,8
ἀποθνῄσκων,dying,V-PPA-NMS,G599,Mark 12,4405,8
οὐκ,not,Adv,G3756,Mark 12,4406,8
ἀφῆκεν,left,V-AIA-3S,G863,Mark 12,4407,8
δεύτερος,second,Adj-NMS,G1208,Mark 12,4408,8
αὐτήν,her,PPro-AF3S,G846,Mark 12,4409,8
ἀπέθανεν,died,V-AIA-3S,G599,Mark 12,4410,8
καταλιπὼν,having left,V-APA-NMS,G2641,Mark 12,4411,8
τρίτος,third,Adj-NMS,G5154,Mark 12,4412,8
ὡσαύτως,likewise,Adv,G5615,Mark 12,4413,8
ἀφῆκαν,left,V-AIA-3P,G863,Mark 12,4414,8
ἔσχατον,Last,Adj-ANS,G2078,Mark 12,4415,8
πάντων,of all,Adj-GNP,G3956,Mark 12,4416,8
γυνὴ,woman,N-NFS,G1135,Mark 12,4417,8
τῇ,the,Art-DFS,G3588,Mark 12,4418,8
ἀναστάσει,resurrection,N-DFS,G386,Mark 12,4419,8
ὅταν,when,Conj,G3752,Mark 12,4420,8
ἀναστῶσιν,they rise,V-ASA-3P,G450,Mark 12,4421,8
τίνος,of which,IPro-GMS,G5101,Mark 12,4422,8
γυνή,wife,N-NFS,G1135,Mark 12,4423,8
ἔσχον,had,V-AIA-3P,G2192,Mark 12,4424,8
αὐτὴν,her,PPro-AF3S,G846,Mark 12,4425,8
Ἔφη,Was saying,V-IIA-3S,G5346,Mark 12,4426,8
Οὐ,Not,Adv,G3756,Mark 12,4427,8
διὰ,because of,Prep,G1223,Mark 12,4428,8
τοῦτο,this,DPro-ANS,G3778,Mark 12,4429,8
πλανᾶσθε,do you err,V-PIM/P-2P,G4105,Mark 12,4430,8
εἰδότες,knowing,V-RPA-NMP,G1492,Mark 12,4431,8
τὰς,the,Art-AFP,G3588,Mark 12,4432,8
γραφὰς,Scriptures,N-AFP,G1124,Mark 12,4433,8
μηδὲ,nor,Conj,G3366,Mark 12,4434,8
δύναμιν,power,N-AFS,G1411,Mark 12,4435,8
ἐκ,out from,Prep,G1537,Mark 12,4436,8
νεκρῶν,the dead,Adj-GMP,G3498,Mark 12,4437,8
οὔτε,neither,Conj,G3777,Mark 12,4438,8
γαμοῦσιν,do they marry,V-PIA-3P,G1060,Mark 12,4439,8
γαμίζονται,are given in marriage,V-PIM/P-3P,G1061,Mark 12,4440,8
εἰσὶν,are,V-PIA-3P,G1510,Mark 12,4441,8
ὡς,like,Adv,G5613,Mark 12,4442,8
ἄγγελοι,angels,N-NMP,G32,Mark 12,4443,8
τοῖς,the,Art-DMP,G3588,Mark 12,4444,8
οὐρανοῖς,heavens,N-DMP,G3772,Mark 12,4445,8
Περὶ,Concerning,Prep,G4012,Mark 12,4446,8
ἐγείρονται,they rise,V-PIM/P-3P,G1453,Mark 12,4447,8
βίβλῳ,book,N-DFS,G976,Mark 12,4448,8
Μωϋσέως,of Moses,N-GMS,G3475,Mark 12,4449,8
ἐπὶ,on,Prep,G1909,Mark 12,4450,8
Βάτου,bush,N-GMS,G942,Mark 12,4451,8
πῶς,how,Conj,G4459,Mark 12,4452,8
Θεὸς,God,N-NMS,G2316,Mark 12,4453,8
Ἐγὼ,I am,PPro-N1S,G1473,Mark 12,4454,8
Ἀβραὰμ,of Abraham,N-GMS,G11,Mark 12,4455,8
ὁ,the,Art-NMS,G3588,Mark 12,4456,8
Ἰσαὰκ,of Isaac,N-GMS,G2464,Mark 12,4457,8
Ἰακώβ,of Jacob,N-GMS,G2384,Mark 12,4458,8
ἀλλὰ,but,Conj,G235,Mark 12,4459,8
ζώντων,of the living,V-PPA-GMP,G2198,Mark 12,4460,8
πολὺ,Greatly,Adj-ANS,G4183,Mark 12,4461,8
προσελθὼν,having come up,V-APA-NMS,G4334,Mark 12,4462,8
εἷς,one,Adj-NMS,G1520,Mark 12,4463,8
γραμματέων,scribes,N-GMP,G1122,Mark 12,4464,8
ἀκούσας,having heard,V-APA-NMS,G191,Mark 12,4465,8
συζητούντων,reasoning together,V-PPA-GMP,G4802,Mark 12,4466,8
ἰδὼν,having seen,V-APA-NMS,G3708,Mark 12,4467,8
καλῶς,well,Adv,G2573,Mark 12,4468,8
ἀπεκρίθη,He answered,V-AIP-3S,G611,Mark 12,4469,8
ἐπηρώτησεν,he questioned,V-AIA-3S,G1905,Mark 12,4470,8
Ποία,Which,IPro-NFS,G4169,Mark 12,4471,8
ἐστὶν,is,V-PIA-3S,G1510,Mark 12,4472,8
ἐντολὴ,commandment,N-NFS,G1785,Mark 12,4473,8
πρώτη,the first,Adj-NFS,G4413,Mark 12,4474,8
Ἀπεκρίθη,Answered,V-AIP-3S,G611,Mark 12,4475,8
Ὅτι,The,Conj,G3754,Mark 12,4476,8
Πρώτη,foremost,Adj-NFS,G4413,Mark 12,4477,8
ἐστίν,is,V-PIA-3S,G1510,Mark 12,4478,8
Ἄκουε,Hear this,V-PMA-2S,G191,Mark 12,4479,8
Ἰσραήλ,O Israel,N-VMS,G2474,Mark 12,4480,8
Κύριος,The Lord,N-NMS,G2962,Mark 12,4481,8
ἀγαπήσεις,you shall love,V-FIA-2S,G25,Mark 12,4482,8
Κύριον,the Lord,N-AMS,G2962,Mark 12,4483,8
Θεόν,God,N-AMS,G2316,Mark 12,4484,8
σου,of you,PPro-G2S,G4771,Mark 12,4485,8
ἐξ,with,Prep,G1537,Mark 12,4486,8
ὅλης,all,Adj-GFS,G3650,Mark 12,4487,8
τῆς,the,Art-GFS,G3588,Mark 12,4488,8
καρδίας,heart,N-GFS,G2588,Mark 12,4489,8
ψυχῆς,soul,N-GFS,G5590,Mark 12,4490,8
διανοίας,mind,N-GFS,G1271,Mark 12,4491,8
ἰσχύος,strength,N-GFS,G2479,Mark 12,4492,8
δευτέρα,The second,Adj-NFS,G1208,Mark 12,4493,8
αὕτη,this,PPro-NFS,G3778,Mark 12,4494,8
Ἀγαπήσεις,You shall love,V-FIA-2S,G25,Mark 12,4495,8
πλησίον,neighbor,Adv,G4139,Mark 12,4496,8
σεαυτόν,yourself,PPro-AM2S,G4572,Mark 12,4497,8
μείζων,Greater,Adj-NFS-C,G3173,Mark 12,4498,8
τούτων,than these,DPro-GFP,G3778,Mark 12,4499,8
ἄλλη,another,Adj-NFS,G243,Mark 12,4500,8
γραμματεύς,scribe,N-NMS,G1122,Mark 12,4501,8
Καλῶς,Right,Adv,G2573,Mark 12,4502,8
εἶπες,You have spoken,V-AIA-2S,G2036,Mark 12,4503,8
ἄλλος,another,Adj-NMS,G243,Mark 12,4504,8
πλὴν,besides,Prep,G4133,Mark 12,4505,8
τὸ,-,Art-NNS,G3588,Mark 12,4506,8
ἀγαπᾶν,to love,V-PNA,G25,Mark 12,4507,8
συνέσεως,understanding,N-GFS,G4907,Mark 12,4508,8
ἑαυτὸν,oneself,RefPro-AM3S,G1438,Mark 12,4509,8
περισσότερόν,more important,Adj-NNS-C,G4053,Mark 12,4510,8
τῶν,the,Art-GNP,G3588,Mark 12,4511,8
ὁλοκαυτωμάτων,burnt offerings,N-GNP,G3646,Mark 12,4512,8
θυσιῶν,sacrifices,N-GFP,G2378,Mark 12,4513,8
ἰδὼν,having seen,V-APA-NMS,G3708,Mark 12,4514,8
νουνεχῶς,wisely,Adv,G3562,Mark 12,4515,8
μακρὰν,far,Adj-AFS,G3112,Mark 12,4516,8
βασιλείας,kingdom,N-GFS,G932,Mark 12,4517,8
οὐδεὶς,no one,Adj-NMS,G3762,Mark 12,4518,8
οὐκέτι,no longer,Adv,G3765,Mark 12,4519,8
ἐτόλμα,dared,V-IIA-3S,G5111,Mark 12,4520,8
ἐπερωτῆσαι,to question,V-ANA,G1905,Mark 12,4521,8
ἀποκριθεὶς,answering,V-APP-NMS,G611,Mark 12,4522,8
ἔλεγεν,was saying,V-IIA-3S,G2036,Mark 12,4523,8
διδάσκων,teaching,V-PPA-NMS,G1321,Mark 12,4524,8
τῷ,the,Art-DNS,G3588,Mark 12,4525,8
ἱερῷ,temple,N-DNS,G2411,Mark 12,4526,8
Πῶς,How,Adv,G4459,Mark 12,4527,8
γραμματεῖς,scribes,N-NMP,G1122,Mark 12,4528,8
Χριστὸς,Christ,N-NMS,G5547,Mark 12,4529,8
υἱὸς,the son,N-NMS,G5207,Mark 12,4530,8
Δαυίδ,of David,N-GMS,G1138,Mark 12,4531,8
αὐτὸς,Himself,PPro-NM3S,G846,Mark 12,4532,8
Δαυὶδ,David,N-NMS,G1138,Mark 12,4533,8
Πνεύματι,Spirit,N-DNS,G4151,Mark 12,4534,8
Ἁγίῳ,Holy,Adj-DNS,G40,Mark 12,4535,8
Εἶπεν,Said,V-AIA-3S,G2036,Mark 12,4536,8
Κυρίῳ,Lord,N-DMS,G2962,Mark 12,4537,8
Κάθου,Sit,V-PMM/P-2S,G2521,Mark 12,4538,8
δεξιῶν,the right hand,Adj-GNP,G1188,Mark 12,4539,8
Ἕως,until,Conj,G2193,Mark 12,4540,8
ἂν,-,Prtcl,G302,Mark 12,4541,8
θῶ,I place,V-ASA-1S,G5087,Mark 12,4542,8
ἐχθρούς,enemies,Adj-AMP,G2190,Mark 12,4543,8
Ὑποκάτω,as a footstool,Prep,G5270,Mark 12,4544,8
ποδῶν,feet,N-GMP,G4228,Mark 12,4545,8
Αὐτὸς,Himself,PPro-NM3S,G846,Mark 12,4546,8
πόθεν,how,Adv,G4159,Mark 12,4547,8
υἱός,son,N-NMS,G5207,Mark 12,4548,8
πολὺς,great,Adj-NMS,G4183,Mark 12,4549,8
ὄχλος,crowd,N-NMS,G3793,Mark 12,4550,8
ἤκουεν,was listening,V-IIA-3S,G191,Mark 12,4551,8
ἡδέως,gladly,Adv,G2234,Mark 12,4552,8
διδαχῇ,teaching,N-DFS,G1322,Mark 12,4553,8
Βλέπετε,Beware,V-PMA-2P,G991,Mark 12,4554,8
θελόντων,desiring,V-PPA-GMP,G2309,Mark 12,4555,8
στολαῖς,robes,N-DFP,G4749,Mark 12,4556,8
περιπατεῖν,to walk about,V-PNA,G4043,Mark 12,4557,8
ἀσπασμοὺς,greetings,N-AMP,G783,Mark 12,4558,8
ταῖς,the,Art-DFP,G3588,Mark 12,4559,8
ἀγοραῖς,marketplaces,N-DFP,G58,Mark 12,4560,8
πρωτοκαθεδρίας,first seats,N-AFP,G4410,Mark 12,4561,8
συναγωγαῖς,synagogues,N-DFP,G4864,Mark 12,4562,8
πρωτοκλισίας,first places,N-AFP,G4411,Mark 12,4563,8
τοῖς,the,Art-DNP,G3588,Mark 12,4564,8
δείπνοις,feasts,N-DNP,G1173,Mark 12,4565,8
κατεσθίοντες,devouring,V-PPA-NMP,G2719,Mark 12,4566,8
οἰκίας,houses,N-AFP,G3614,Mark 12,4567,8
τῶν,of the,Art-GFP,G3588,Mark 12,4568,8
χηρῶν,widows,N-GFP,G5503,Mark 12,4569,8
προφάσει,as a pretext,N-DFS,G4392,Mark 12,4570,8
μακρὰ,at great length,Adj-ANP,G3117,Mark 12,4571,8
προσευχόμενοι,praying,V-PPM/P-NMP,G4336,Mark 12,4572,8
οὗτοι,These,DPro-NMP,G3778,Mark 12,4573,8
λήμψονται,will receive,V-FIM-3P,G2983,Mark 12,4574,8
περισσότερον,greater,Adj-ANS-C,G4053,Mark 12,4575,8
κρίμα,judgment,N-ANS,G2917,Mark 12,4576,8
καθίσας,having sat down,V-APA-NMS,G2523,Mark 12,4577,8
κατέναντι,opposite,Prep,G2713,Mark 12,4578,8
τοῦ,the,Art-GNS,G3588,Mark 12,4579,8
γαζοφυλακίου,treasury,N-GNS,G1049,Mark 12,4580,8
ἐθεώρει,He was watching,V-IIA-3S,G2334,Mark 12,4581,8
πῶς,how,Adv,G4459,Mark 12,4582,8
βάλλει,cast,V-PIA-3S,G906,Mark 12,4583,8
χαλκὸν,money,N-AMS,G5475,Mark 12,4584,8
τὸ,the,Art-ANS,G3588,Mark 12,4585,8
γαζοφυλάκιον,treasury,N-ANS,G1049,Mark 12,4586,8
πολλοὶ,many,Adj-NMP,G4183,Mark 12,4587,8
πλούσιοι,rich,Adj-NMP,G4145,Mark 12,4588,8
ἔβαλλον,were casting in,V-IIA-3P,G906,Mark 12,4589,8
πολλά,much,Adj-ANP,G4183,Mark 12,4590,8
ἐλθοῦσα,having come,V-APA-NFS,G2064,Mark 12,4591,8
μία,one,Adj-NFS,G1520,Mark 12,4592,8
χήρα,widow,N-NFS,G5503,Mark 12,4593,8
πτωχὴ,poor,Adj-NFS,G4434,Mark 12,4594,8
ἔβαλεν,cast in,V-AIA-3S,G906,Mark 12,4595,8
λεπτὰ,lepta,N-ANP,G3016,Mark 12,4596,8
δύο,two,Adj-ANP,G1417,Mark 12,4597,8
ὅ,which,RelPro-NNS,G3739,Mark 12,4598,8
κοδράντης,a kodrantes,N-NMS,G2835,Mark 12,4599,8
προσκαλεσάμενος,having called to Him,V-APM-NMS,G4341,Mark 12,4600,8
μαθητὰς,disciples,N-AMP,G3101,Mark 12,4601,8
Ἀμὴν,Truly,Heb,G281,Mark 12,4602,8
λέγω,I say,V-PIA-1S,G3004,Mark 12,4603,8
ὑμῖν,to you,PPro-D2P,G4771,Mark 12,4604,8
πλεῖον,more,Adj-ANS-C,G4119,Mark 12,4605,8
πάντων,than all,Adj-GMP,G3956,Mark 12,4606,8
βαλλόντων,casting,V-PPA-GMP,G906,Mark 12,4607,8
πάντες,All,Adj-NMP,G3956,Mark 12,4608,8
περισσεύοντος,was abounding,V-PPA-GNS,G4052,Mark 12,4609,8
ἔβαλον,cast in,V-AIA-3P,G906,Mark 12,4610,8
ὑστερήσεως,poverty,N-GFS,G5304,Mark 12,4611,8
αὐτῆς,of her,PPro-GF3S,G846,Mark 12,4612,8
πάντα,all,Adj-ANP,G3956,Mark 12,4613,8
ὅσα,as much as,RelPro-ANP,G3745,Mark 12,4614,8
ὅλον,all,Adj-AMS,G3650,Mark 12,4615,8
βίον,livelihood,N-AMS,G979,Mark 12,4616,8
Καὶ,And,Conj,G2532,Mark 13,4617,8
ἐκπορευομένου,going forth,V-PPM/P-GMS,G1607,Mark 13,4618,8
αὐτοῦ,of Him,PPro-GM3S,G846,Mark 13,4619,8
ἐκ,out of,Prep,G1537,Mark 13,4620,8
τοῦ,the,Art-GNS,G3588,Mark 13,4621,8
ἱεροῦ,temple,N-GNS,G2411,Mark 13,4622,8
λέγει,says,V-PIA-3S,G3004,Mark 13,4623,8
αὐτῷ,to Him,PPro-DM3S,G846,Mark 13,4624,8
εἷς,one,Adj-NMS,G1520,Mark 13,4625,8
τῶν,of the,Art-GMP,G3588,Mark 13,4626,8
μαθητῶν,disciples,N-GMP,G3101,Mark 13,4627,8
Διδάσκαλε,Teacher,N-VMS,G1320,Mark 13,4628,8
ἴδε,behold,V-AMA-2S,G2400,Mark 13,4629,8
ποταποὶ,what,IPro-NMP,G4217,Mark 13,4630,8
λίθοι,stones,N-NMP,G3037,Mark 13,4631,8
καὶ,and,Conj,G2532,Mark 13,4632,8
ποταπαὶ,what,IPro-NFP,G4217,Mark 13,4633,8
οἰκοδομαί,buildings,N-NFP,G3619,Mark 13,4634,8
ὁ,-,Art-NMS,G3588,Mark 13,4635,8
Ἰησοῦς,Jesus,N-NMS,G2424,Mark 13,4636,8
εἶπεν,said,V-AIA-3S,G2036,Mark 13,4637,8
Βλέπεις,See you,V-PIA-2S,G991,Mark 13,4638,8
ταύτας,these,DPro-AFP,G3778,Mark 13,4639,8
τὰς,-,Art-AFP,G3588,Mark 13,4640,8
μεγάλας,great,Adj-AFP,G3173,Mark 13,4641,8
οἰκοδομάς,buildings,N-AFP,G3619,Mark 13,4642,8
οὐ,No,Adv,G3756,Mark 13,4643,8
μὴ,not,Adv,G3361,Mark 13,4644,8
ἀφεθῇ,shall be left,V-ASP-3S,G863,Mark 13,4645,8
ὧδε,here,Adv,G5602,Mark 13,4646,8
λίθος,stone,N-NMS,G3037,Mark 13,4647,8
ἐπὶ,upon,Prep,G1909,Mark 13,4648,8
λίθον,stone,N-AMS,G3037,Mark 13,4649,8
ὃς,which,RelPro-NMS,G3739,Mark 13,4650,8
καταλυθῇ,shall be thrown down,V-ASP-3S,G2647,Mark 13,4651,8
καθημένου,sitting,V-PPM/P-GMS,G2521,Mark 13,4652,8
εἰς,upon,Prep,G1519,Mark 13,4653,8
τὸ,the,Art-ANS,G3588,Mark 13,4654,8
ὄρος,Mount,N-ANS,G3735,Mark 13,4655,8
τῶν,-,Art-GFP,G3588,Mark 13,4656,8
Ἐλαιῶν,of Olives,N-GFP,G1636,Mark 13,4657,8
κατέναντι,opposite,Prep,G2713,Mark 13,4658,8
ἐπηρώτα,asked,V-IIA-3S,G1905,Mark 13,4659,8
αὐτὸν,Him,PPro-AM3S,G846,Mark 13,4660,8
κατ,in,Prep,G2596,Mark 13,4661,8
ἰδίαν,private,Adj-AFS,G2398,Mark 13,4662,8
Πέτρος,Peter,N-NMS,G4074,Mark 13,4663,8
Ἰάκωβος,James,N-NMS,G2385,Mark 13,4664,8
Ἰωάννης,John,N-NMS,G2491,Mark 13,4665,8
Ἀνδρέας,Andrew,N-NMS,G406,Mark 13,4666,8
Εἰπὸν,Tell,V-AMA-2S,G2036,Mark 13,4667,8
ἡμῖν,us,PPro-D1P,G1473,Mark 13,4668,8
πότε,when,Conj,G4219,Mark 13,4669,8
ταῦτα,these things,DPro-NNP,G3778,Mark 13,4670,8
ἔσται,will be,V-FIM-3S,G1510,Mark 13,4671,8
τί,what will be,IPro-ANS,G5101,Mark 13,4672,8
τὸ,the,Art-NNS,G3588,Mark 13,4673,8
σημεῖον,sign,N-NNS,G4592,Mark 13,4674,8
ὅταν,when,Conj,G3752,Mark 13,4675,8
μέλλῃ,are going,V-PSA-3S,G3195,Mark 13,4676,8
συντελεῖσθαι,to be accomplished,V-PNM/P,G4931,Mark 13,4677,8
πάντα,all,Adj-NNP,G3956,Mark 13,4678,8
Ὁ,-,Art-NMS,G3588,Mark 13,4679,8
δὲ,And,Conj,G1161,Mark 13,4680,8
ἤρξατο,began,V-AIM-3S,G756,Mark 13,4681,8
λέγειν,to say,V-PNA,G3004,Mark 13,4682,8
αὐτοῖς,to them,PPro-DM3P,G846,Mark 13,4683,8
Βλέπετε,Take heed,V-PMA-2P,G991,Mark 13,4684,8
μή,lest,Adv,G3361,Mark 13,4685,8
τις,anyone,IPro-NMS,G5100,Mark 13,4686,8
ὑμᾶς,you,PPro-A2P,G4771,Mark 13,4687,8
πλανήσῃ,mislead,V-ASA-3S,G4105,Mark 13,4688,8
πολλοὶ,Many,Adj-NMP,G4183,Mark 13,4689,8
ἐλεύσονται,will come,V-FIM-3P,G2064,Mark 13,4690,8
τῷ,the,Art-DNS,G3588,Mark 13,4691,8
ὀνόματί,name,N-DNS,G3686,Mark 13,4692,8
μου,of Me,PPro-G1S,G1473,Mark 13,4693,8
λέγοντες,saying,V-PPA-NMP,G3004,Mark 13,4694,8
ὅτι,-,Conj,G3754,Mark 13,4695,8
Ἐγώ,I,PPro-N1S,G1473,Mark 13,4696,8
εἰμι,am He,V-PIA-1S,G1510,Mark 13,4697,8
πολλοὺς,many,Adj-AMP,G4183,Mark 13,4698,8
πλανήσουσιν,they will mislead,V-FIA-3P,G4105,Mark 13,4699,8
ἀκούσητε,you shall hear of,V-ASA-2P,G191,Mark 13,4700,8
πολέμους,wars,N-AMP,G4171,Mark 13,4701,8
ἀκοὰς,rumors,N-AFP,G189,Mark 13,4702,8
πολέμων,of wars,N-GMP,G4171,Mark 13,4703,8
θροεῖσθε,be disturbed,V-PMM/P-2P,G2360,Mark 13,4704,8
δεῖ,it must,V-PIA-3S,G1163,Mark 13,4705,8
γενέσθαι,come to pass,V-ANM,G1096,Mark 13,4706,8
ἀλλ,but,Conj,G235,Mark 13,4707,8
οὔπω,not yet is,Adv,G3768,Mark 13,4708,8
τέλος,end,N-NNS,G5056,Mark 13,4709,8
ἐγερθήσεται,Will rise up,V-FIP-3S,G1453,Mark 13,4710,8
γὰρ,for,Conj,G1063,Mark 13,4711,8
ἔθνος,nation,N-NNS,G1484,Mark 13,4712,8
ἐπ,against,Prep,G1909,Mark 13,4713,8
ἔθνος,nation,N-ANS,G1484,Mark 13,4714,8
βασιλεία,kingdom,N-NFS,G932,Mark 13,4715,8
βασιλείαν,kingdom,N-AFS,G932,Mark 13,4716,8
ἔσονται,There will be,V-FIM-3P,G1510,Mark 13,4717,8
σεισμοὶ,earthquakes,N-NMP,G4578,Mark 13,4718,8
κατὰ,throughout,Prep,G2596,Mark 13,4719,8
τόπους,places,N-AMP,G5117,Mark 13,4720,8
λιμοί,famines,N-NFP,G3042,Mark 13,4721,8
ἀρχὴ,The beginning,N-NFS,G746,Mark 13,4722,8
ὠδίνων,of birth pains are,N-GFP,G5604,Mark 13,4723,8
ὑμεῖς,you,PPro-N2P,G4771,Mark 13,4724,8
ἑαυτούς,to yourselves,RefPro-AM3P,G1438,Mark 13,4725,8
παραδώσουσιν,they will betray,V-FIA-3P,G3860,Mark 13,4726,8
συνέδρια,courts,N-ANP,G4892,Mark 13,4727,8
συναγωγὰς,synagogues,N-AFP,G4864,Mark 13,4728,8
δαρήσεσθε,you will be beaten,V-FIP-2P,G1194,Mark 13,4729,8
ἡγεμόνων,governors,N-GMP,G2232,Mark 13,4730,8
βασιλέων,kings,N-GMP,G935,Mark 13,4731,8
σταθήσεσθε,you will stand,V-FIP-2P,G2476,Mark 13,4732,8
ἕνεκεν,because,Prep,G1752,Mark 13,4733,8
ἐμοῦ,of Me,PPro-G1S,G1473,Mark 13,4734,8
μαρτύριον,a testimony,N-ANS,G3142,Mark 13,4735,8
πάντα,all,Adj-ANP,G3956,Mark 13,4736,8
τὰ,the,Art-ANP,G3588,Mark 13,4737,8
ἔθνη,nations,N-ANP,G1484,Mark 13,4738,8
πρῶτον,first,Adv-S,G4412,Mark 13,4739,8
κηρυχθῆναι,to proclaim,V-ANP,G2784,Mark 13,4740,8
εὐαγγέλιον,gospel,N-ANS,G2098,Mark 13,4741,8
ἄγωσιν,they might lead away,V-PSA-3P,G71,Mark 13,4742,8
παραδιδόντες,delivering you up,V-PPA-NMP,G3860,Mark 13,4743,8
προμεριμνᾶτε,be anxious beforehand,V-PMA-2P,G4305,Mark 13,4744,8
λαλήσητε,you should say,V-ASA-2P,G2980,Mark 13,4745,8
ὃ,whatever,RelPro-NNS,G3739,Mark 13,4746,8
ἐὰν,if,Conj,G1437,Mark 13,4747,8
δοθῇ,might be given,V-ASP-3S,G1325,Mark 13,4748,8
ὑμῖν,to you,PPro-D2P,G4771,Mark 13,4749,8
ἐν,in,Prep,G1722,Mark 13,4750,8
ἐκείνῃ,that,DPro-DFS,G1565,Mark 13,4751,8
τῇ,-,Art-DFS,G3588,Mark 13,4752,8
ὥρᾳ,hour,N-DFS,G5610,Mark 13,4753,8
τοῦτο,that,DPro-ANS,G3778,Mark 13,4754,8
λαλεῖτε,speak,V-PMA-2P,G2980,Mark 13,4755,8
γάρ,for,Conj,G1063,Mark 13,4756,8
ἐστε,are,V-PIA-2P,G1510,Mark 13,4757,8
οἱ,those,Art-NMP,G3588,Mark 13,4758,8
λαλοῦντες,speaking,V-PPA-NMP,G2980,Mark 13,4759,8
ἀλλὰ,but,Conj,G235,Mark 13,4760,8
Πνεῦμα,Spirit,N-NNS,G4151,Mark 13,4761,8
Ἅγιον,Holy,Adj-NNS,G40,Mark 13,4762,8
παραδώσει,will deliver up,V-FIA-3S,G3860,Mark 13,4763,8
ἀδελφὸς,brother,N-NMS,G80,Mark 13,4764,8
ἀδελφὸν,brother,N-AMS,G80,Mark 13,4765,8
θάνατον,death,N-AMS,G2288,Mark 13,4766,8
πατὴρ,father,N-NMS,G3962,Mark 13,4767,8
τέκνον,child,N-ANS,G5043,Mark 13,4768,8
ἐπαναστήσονται,will rise up,V-FIM-3P,G1881,Mark 13,4769,8
τέκνα,children,N-NNP,G5043,Mark 13,4770,8
γονεῖς,parents,N-AMP,G1118,Mark 13,4771,8
θανατώσουσιν,will put to death,V-FIA-3P,G2289,Mark 13,4772,8
αὐτούς,them,PPro-AM3P,G846,Mark 13,4773,8
ἔσεσθε,you will be,V-FIM-2P,G1510,Mark 13,4774,8
μισούμενοι,hated,V-PPM/P-NMP,G3404,Mark 13,4775,8
ὑπὸ,by,Prep,G5259,Mark 13,4776,8
πάντων,all,Adj-GMP,G3956,Mark 13,4777,8
διὰ,on account of,Prep,G1223,Mark 13,4778,8
ὄνομά,name,N-ANS,G3686,Mark 13,4779,8
ὑπομείνας,having endured,V-APA-NMS,G5278,Mark 13,4780,8
τέλος,the end,N-ANS,G5056,Mark 13,4781,8
οὗτος,he,DPro-NMS,G3778,Mark 13,4782,8
σωθήσεται,will be saved,V-FIP-3S,G4982,Mark 13,4783,8
Ὅταν,When,Conj,G3752,Mark 13,4784,8
ἴδητε,you see,V-ASA-2P,G3708,Mark 13,4785,8
βδέλυγμα,abomination,N-ANS,G946,Mark 13,4786,8
τῆς,of the,Art-GFS,G3588,Mark 13,4787,8
ἐρημώσεως,desolation,N-GFS,G2050,Mark 13,4788,8
τὸ,which,Art-ANS,G3588,Mark 13,4789,8
ῥηθὲν,was spoken of,V-APP-NNS,G2046,Mark 13,4790,8
Δανιὴλ,Daniel,N-GMS,G1158,Mark 13,4791,8
τοῦ,the,Art-GMS,G3588,Mark 13,4792,8
προφήτου,prophet,N-GMS,G4396,Mark 13,4793,8
ἑστηκότα,standing,V-RPA-AMS,G2476,Mark 13,4794,8
ὅπου,where,Adv,G3699,Mark 13,4795,8
ἀναγινώσκων,reading,V-PPA-NMS,G314,Mark 13,4796,8
νοείτω,let him understand,V-PMA-3S,G3539,Mark 13,4797,8
τότε,then,Adv,G5119,Mark 13,4798,8
Ἰουδαίᾳ,Judea,N-DFS,G2449,Mark 13,4799,8
φευγέτωσαν,let them flee,V-PMA-3P,G5343,Mark 13,4800,8
ὄρη,mountains,N-ANP,G3735,Mark 13,4801,8
δὲ,and,Conj,G1161,Mark 13,4802,8
δώματος,housetop,N-GNS,G1430,Mark 13,4803,8
καταβάτω,let him come down,V-AMA-3S,G2597,Mark 13,4804,8
μηδὲ,nor,Conj,G3366,Mark 13,4805,8
εἰσελθάτω,go in,V-AMA-3S,G1525,Mark 13,4806,8
τι ,anything,IPro-ANS,G5100,Mark 13,4807,8
ἆραι,to take,V-ANA,G142,Mark 13,4808,8
οἰκίας,house,N-GFS,G3614,Mark 13,4809,8
τὸν,the,Art-AMS,G3588,Mark 13,4810,8
ἀγρὸν,field,N-AMS,G68,Mark 13,4811,8
ἐπιστρεψάτω,let him return,V-AMA-3S,G1994,Mark 13,4812,8
ὀπίσω,behind,Adv,G3694,Mark 13,4813,8
ἱμάτιον,clothing,N-ANS,G2440,Mark 13,4814,8
Οὐαὶ,Woe,I,G3759,Mark 13,4815,8
ταῖς,to those,Art-DFP,G3588,Mark 13,4816,8
γαστρὶ,womb,N-DFS,G1064,Mark 13,4817,8
ἐχούσαις,having,V-PPA-DFP,G2192,Mark 13,4818,8
θηλαζούσαις,nursing infants,V-PPA-DFP,G2337,Mark 13,4819,8
ἐκείναις,those,DPro-DFP,G1565,Mark 13,4820,8
ἡμέραις,days,N-DFP,G2250,Mark 13,4821,8
προσεύχεσθε,Pray,V-PMM/P-2P,G4336,Mark 13,4822,8
ἵνα,that it,Conj,G2443,Mark 13,4823,8
γένηται,might be,V-ASM-3S,G1096,Mark 13,4824,8
χειμῶνος,in winter,N-GMS,G5494,Mark 13,4825,8
αἱ,the,Art-NFP,G3588,Mark 13,4826,8
ἡμέραι,days,N-NFP,G2250,Mark 13,4827,8
ἐκεῖναι,those,DPro-NFP,G1565,Mark 13,4828,8
θλῖψις,tribulation,N-NFS,G2347,Mark 13,4829,8
οἵα,such as,RelPro-NFS,G3634,Mark 13,4830,8
γέγονεν,has been,V-RIA-3S,G1096,Mark 13,4831,8
τοιαύτη,the like,DPro-NFS,G5108,Mark 13,4832,8
ἀπ,from the,Prep,G575,Mark 13,4833,8
ἀρχῆς,beginning,N-GFS,G746,Mark 13,4834,8
κτίσεως,of creation,N-GFS,G2937,Mark 13,4835,8
ἣν,which,RelPro-AFS,G3739,Mark 13,4836,8
ἔκτισεν,created,V-AIA-3S,G2936,Mark 13,4837,8
Θεὸς,God,N-NMS,G2316,Mark 13,4838,8
ἕως,until,Prep,G2193,Mark 13,4839,8
νῦν,now,Adv,G3568,Mark 13,4840,8
εἰ,if,Conj,G1487,Mark 13,4841,8
ἐκολόβωσεν,had shortened,V-AIA-3S,G2856,Mark 13,4842,8
Κύριος,the Lord,N-NMS,G2962,Mark 13,4843,8
ἡμέρας,days,N-AFP,G2250,Mark 13,4844,8
οὐκ,no,Adv,G3756,Mark 13,4845,8
ἂν,-,Prtcl,G302,Mark 13,4846,8
ἐσώθη,there would have been saved,V-AIP-3S,G4982,Mark 13,4847,8
πᾶσα,any,Adj-NFS,G3956,Mark 13,4848,8
σάρξ,flesh,N-NFS,G4561,Mark 13,4849,8
τοὺς,the,Art-AMP,G3588,Mark 13,4850,8
ἐκλεκτοὺς,elect,Adj-AMP,G1588,Mark 13,4851,8
οὓς,whom,RelPro-AMP,G3739,Mark 13,4852,8
ἐξελέξατο,He chose,V-AIM-3S,G1586,Mark 13,4853,8
ἐάν,if,Conj,G1437,Mark 13,4854,8
εἴπῃ,says,V-ASA-3S,G2036,Mark 13,4855,8
Ἴδε,Behold,V-AMA-2S,G2400,Mark 13,4856,8
ὧδε,here is,Adv,G5602,Mark 13,4857,8
Χριστός,Christ,N-NMS,G5547,Mark 13,4858,8
ἐκεῖ,there,Adv,G1563,Mark 13,4859,8
πιστεύετε,you shall believe it,V-PMA-2P,G4100,Mark 13,4860,8
ἐγερθήσονται,There will arise,V-FIP-3P,G1453,Mark 13,4861,8
γὰρ,for,Conj,G1063,Mark 13,4862,8
ψευδόχριστοι,false Christs,N-NMP,G5580,Mark 13,4863,8
ψευδοπροφῆται,false prophets,N-NMP,G5578,Mark 13,4864,8
δώσουσιν,will give,V-FIA-3P,G1325,Mark 13,4865,8
σημεῖα,signs,N-ANP,G4592,Mark 13,4866,8
τέρατα,wonders,N-ANP,G5059,Mark 13,4867,8
πρὸς,so as,Prep,G4314,Mark 13,4868,8
ἀποπλανᾶν,to deceive,V-PNA,G635,Mark 13,4869,8
δυνατὸν,possible,Adj-NNS,G1415,Mark 13,4870,8
ἐκλεκτούς,elect,Adj-AMP,G1588,Mark 13,4871,8
βλέπετε,take heed,V-PMA-2P,G991,Mark 13,4872,8
προείρηκα,I have foretold,V-RIA-1S,G4302,Mark 13,4873,8
Ἀλλὰ,But,Conj,G235,Mark 13,4874,8
μετὰ,after,Prep,G3326,Mark 13,4875,8
τὴν,the,Art-AFS,G3588,Mark 13,4876,8
θλῖψιν,tribulation,N-AFS,G2347,Mark 13,4877,8
ἐκείνην,those,DPro-AFS,G1565,Mark 13,4878,8
ἥλιος,sun,N-NMS,G2246,Mark 13,4879,8
σκοτισθήσεται,will be darkened,V-FIP-3S,G4654,Mark 13,4880,8
ἡ,the,Art-NFS,G3588,Mark 13,4881,8
σελήνη,moon,N-NFS,G4582,Mark 13,4882,8
δώσει,will give,V-FIA-3S,G1325,Mark 13,4883,8
φέγγος,light,N-ANS,G5338,Mark 13,4884,8
αὐτῆς,of it,PPro-GF3S,G846,Mark 13,4885,8
ἀστέρες,stars,N-NMP,G792,Mark 13,4886,8
οὐρανοῦ,heaven,N-GMS,G3772,Mark 13,4887,8
πίπτοντες,falling,V-PPA-NMP,G4098,Mark 13,4888,8
δυνάμεις,powers,N-NFP,G1411,Mark 13,4889,8
τοῖς,the,Art-DMP,G3588,Mark 13,4890,8
οὐρανοῖς,heavens,N-DMP,G3772,Mark 13,4891,8
σαλευθήσονται,will be shaken,V-FIP-3P,G4531,Mark 13,4892,8
ὄψονται,will they see,V-FIM-3P,G3708,Mark 13,4893,8
Υἱὸν,Son,N-AMS,G5207,Mark 13,4894,8
ἀνθρώπου,of Man,N-GMS,G444,Mark 13,4895,8
ἐρχόμενον,coming,V-PPM/P-AMS,G2064,Mark 13,4896,8
νεφέλαις,the clouds,N-DFP,G3507,Mark 13,4897,8
δυνάμεως,power,N-GFS,G1411,Mark 13,4898,8
πολλῆς,great,Adj-GFS,G4183,Mark 13,4899,8
δόξης,glory,N-GFS,G1391,Mark 13,4900,8
ἀποστελεῖ,He will send,V-FIA-3S,G649,Mark 13,4901,8
ἀγγέλους,angels,N-AMP,G32,Mark 13,4902,8
ἐπισυνάξει,will gather together,V-FIA-3S,G1996,Mark 13,4903,8
τεσσάρων,four,Adj-GMP,G5064,Mark 13,4904,8
ἀνέμων,winds,N-GMP,G417,Mark 13,4905,8
ἄκρου,end,N-GNS,G206,Mark 13,4906,8
γῆς,of earth,N-GFS,G1093,Mark 13,4907,8
Ἀπὸ,Of,Prep,G575,Mark 13,4908,8
συκῆς,fig tree,N-GFS,G4808,Mark 13,4909,8
μάθετε,learn,V-AMA-2P,G3129,Mark 13,4910,8
παραβολήν,parable,N-AFS,G3850,Mark 13,4911,8
ἤδη,already,Adv,G2235,Mark 13,4912,8
κλάδος,branch,N-NMS,G2798,Mark 13,4913,8
ἁπαλὸς,tender,Adj-NMS,G527,Mark 13,4914,8
ἐκφύῃ,it puts forth,V-PSA-3S,G1631,Mark 13,4915,8
φύλλα,leaves,N-ANP,G5444,Mark 13,4916,8
γινώσκετε,you know,V-PIA-2P,G1097,Mark 13,4917,8
ἐγγὺς,near,Adv,G1451,Mark 13,4918,8
θέρος,summer,N-NNS,G2330,Mark 13,4919,8
ἐστίν,is,V-PIA-3S,G1510,Mark 13,4920,8
οὕτως,So,Adv,G3779,Mark 13,4921,8
ταῦτα,these things,DPro-ANP,G3778,Mark 13,4922,8
γινόμενα,coming to pass,V-PPM/P-ANP,G1096,Mark 13,4923,8
γινώσκετε,know,V-PMA-2P,G1097,Mark 13,4924,8
ἐγγύς,near,Adv,G1451,Mark 13,4925,8
ἐστιν,He is,V-PIA-3S,G1510,Mark 13,4926,8
θύραις,doors,N-DFP,G2374,Mark 13,4927,8
ἀμὴν,Truly,Heb,G281,Mark 13,4928,8
λέγω,I say,V-PIA-1S,G3004,Mark 13,4929,8
παρέλθῃ,will have passed away,V-ASA-3S,G3928,Mark 13,4930,8
γενεὰ,generation,N-NFS,G1074,Mark 13,4931,8
αὕτη,this,DPro-NFS,G3778,Mark 13,4932,8
μέχρις,until,Prep,G3360,Mark 13,4933,8
οὗ,that,RelPro-GMS,G3739,Mark 13,4934,8
οὐρανὸς,heaven,N-NMS,G3772,Mark 13,4935,8
γῆ,earth,N-NFS,G1093,Mark 13,4936,8
παρελεύσονται,will pass away,V-FIM-3P,G3928,Mark 13,4937,8
λόγοι,the words,N-NMP,G3056,Mark 13,4938,8
μὴ,not,Adv,G3361,Mark 13,4939,8
Περὶ,Concerning,Prep,G4012,Mark 13,4940,8
ἡμέρας,day,N-GFS,G2250,Mark 13,4941,8
ἐκείνης,that,DPro-GFS,G1565,Mark 13,4942,8
ἢ,or,Conj,G2228,Mark 13,4943,8
ὥρας,hour,N-GFS,G5610,Mark 13,4944,8
οὐδεὶς,no one,Adj-NMS,G3762,Mark 13,4945,8
οἶδεν,knows,V-RIA-3S,G1492,Mark 13,4946,8
οὐδὲ,not even,Adv,G3761,Mark 13,4947,8
ἄγγελοι,angels,N-NMP,G32,Mark 13,4948,8
οὐρανῷ,heaven,N-DMS,G3772,Mark 13,4949,8
οὐδὲ,nor,Conj,G3761,Mark 13,4950,8
Υἱός,Son,N-NMS,G5207,Mark 13,4951,8
Πατήρ,Father,N-NMS,G3962,Mark 13,4952,8
ἀγρυπνεῖτε,watch,V-PMA-2P,G69,Mark 13,4953,8
οἴδατε,you know,V-RIA-2P,G1492,Mark 13,4954,8
καιρός,time,N-NMS,G2540,Mark 13,4955,8
Ὡς,It is like,Adv,G5613,Mark 13,4956,8
ἄνθρωπος,a man,N-NMS,G444,Mark 13,4957,8
ἀπόδημος,going on a journey,Adj-NMS,G590,Mark 13,4958,8
ἀφεὶς,having left,V-APA-NMS,G863,Mark 13,4959,8
οἰκίαν,house,N-AFS,G3614,Mark 13,4960,8
δοὺς,having given,V-APA-NMS,G1325,Mark 13,4961,8
δούλοις,servants,N-DMP,G1401,Mark 13,4962,8
ἐξουσίαν,authority,N-AFS,G1849,Mark 13,4963,8
ἑκάστῳ,to each one,Adj-DMS,G1538,Mark 13,4964,8
ἔργον,work,N-ANS,G2041,Mark 13,4965,8
τῷ,the,Art-DMS,G3588,Mark 13,4966,8
θυρωρῷ,doorkeeper,N-DMS,G2377,Mark 13,4967,8
ἐνετείλατο,he commanded,V-AIM-3S,G1781,Mark 13,4968,8
γρηγορῇ,he should keep watch,V-PSA-3S,G1127,Mark 13,4969,8
γρηγορεῖτε,Watch,V-PMA-2P,G1127,Mark 13,4970,8
οὖν,therefore,Conj,G3767,Mark 13,4971,8
κύριος,master,N-NMS,G2962,Mark 13,4972,8
ἔρχεται,comes,V-PIM/P-3S,G2064,Mark 13,4973,8
ὀψὲ,at evening,Adv,G3796,Mark 13,4974,8
μεσονύκτιον,at midnight,N-ANS,G3317,Mark 13,4975,8
ἀλεκτοροφωνίας,when the rooster crows,N-GFS,G219,Mark 13,4976,8
πρωΐ,morning,Adv,G4404,Mark 13,4977,8
ἐλθὼν,having come,V-APA-NMS,G2064,Mark 13,4978,8
ἐξαίφνης,suddenly,Adv,G1810,Mark 13,4979,8
εὕρῃ,he should find,V-ASA-3S,G2147,Mark 13,4980,8
καθεύδοντας,sleeping,V-PPA-AMP,G2518,Mark 13,4981,8
ὃ,What,RelPro-ANS,G3739,Mark 13,4982,8
πᾶσιν,to all,Adj-DMP,G3956,Mark 13,4983,8
Ἦν,It would be,V-IIA-3S,G1510,Mark 14,4984,8
δὲ,now,Conj,G1161,Mark 14,4985,8
τὸ,the,Art-NNS,G3588,Mark 14,4986,8
πάσχα,Passover,N-NNS,G3957,Mark 14,4987,8
καὶ,and,Conj,G2532,Mark 14,4988,8
τὰ,the,Art-NNP,G3588,Mark 14,4989,8
ἄζυμα,Feast of Unleavened Bread,Adj-NNP,G106,Mark 14,4990,8
μετὰ,after,Prep,G3326,Mark 14,4991,8
δύο,two,Adj-AFP,G1417,Mark 14,4992,8
ἡμέρας,days,N-AFP,G2250,Mark 14,4993,8
ἐζήτουν,were seeking,V-IIA-3P,G2212,Mark 14,4994,8
οἱ,the,Art-NMP,G3588,Mark 14,4995,8
ἀρχιερεῖς,chief priests,N-NMP,G749,Mark 14,4996,8
γραμματεῖς,scribes,N-NMP,G1122,Mark 14,4997,8
πῶς,how,Adv,G4459,Mark 14,4998,8
αὐτὸν,Him,PPro-AM3S,G846,Mark 14,4999,8
ἐν,by,Prep,G1722,Mark 14,5000,8
δόλῳ,stealth,N-DMS,G1388,Mark 14,5001,8
κρατήσαντες,having taken,V-APA-NMP,G2902,Mark 14,5002,8
ἀποκτείνωσιν,they might kill Him,V-ASA-3P,G615,Mark 14,5003,8
ἔλεγον,They were saying,V-IIA-3P,G2036,Mark 14,5004,8
γάρ,for,Conj,G1063,Mark 14,5005,8
Μὴ,Not,Adv,G3361,Mark 14,5006,8
τῇ,the,Art-DFS,G3588,Mark 14,5007,8
ἑορτῇ,feast,N-DFS,G1859,Mark 14,5008,8
μή,lest,Adv,G3361,Mark 14,5009,8
ποτε,ever,Conj,G4219,Mark 14,5010,8
ἔσται,there will be,V-FIM-3S,G1510,Mark 14,5011,8
θόρυβος,an uproar,N-NMS,G2351,Mark 14,5012,8
τοῦ,of the,Art-GMS,G3588,Mark 14,5013,8
λαοῦ,people,N-GMS,G2992,Mark 14,5014,8
Καὶ,And,Conj,G2532,Mark 14,5015,8
ὄντος,being,V-PPA-GMS,G1510,Mark 14,5016,8
αὐτοῦ,of Him,PPro-GM3S,G846,Mark 14,5017,8
Βηθανίᾳ,Bethany,N-DFS,G963,Mark 14,5018,8
οἰκίᾳ,house,N-DFS,G3614,Mark 14,5019,8
Σίμωνος,of Simon,N-GMS,G4613,Mark 14,5020,8
λεπροῦ,leper,Adj-GMS,G3015,Mark 14,5021,8
κατακειμένου,having reclined,V-PPM/P-GMS,G2621,Mark 14,5022,8
ἦλθεν,came,V-AIA-3S,G2064,Mark 14,5023,8
γυνὴ,a woman,N-NFS,G1135,Mark 14,5024,8
ἔχουσα,having,V-PPA-NFS,G2192,Mark 14,5025,8
ἀλάβαστρον,an alabaster flask,N-AFS,G211,Mark 14,5026,8
μύρου,of fragrant oil,N-GNS,G3464,Mark 14,5027,8
νάρδου,of nard,N-GFS,G3487,Mark 14,5028,8
πιστικῆς,pure,Adj-GFS,G4101,Mark 14,5029,8
πολυτελοῦς,of great price,Adj-GFS,G4185,Mark 14,5030,8
συντρίψασα,having broken,V-APA-NFS,G4937,Mark 14,5031,8
τὴν,the,Art-AFS,G3588,Mark 14,5032,8
κατέχεεν,she poured it on,V-AIA-3S,G2708,Mark 14,5033,8
τῆς,-,Art-GFS,G3588,Mark 14,5034,8
κεφαλῆς,head,N-GFS,G2776,Mark 14,5035,8
Ἦσαν,Were,V-IIA-3P,G1510,Mark 14,5036,8
δέ,now,Conj,G1161,Mark 14,5037,8
τινες,some,IPro-NMP,G5100,Mark 14,5038,8
ἀγανακτοῦντες,indignant,V-PPA-NMP,G23,Mark 14,5039,8
πρὸς,within,Prep,G4314,Mark 14,5040,8
ἑαυτούς,themselves,RefPro-AM3P,G1438,Mark 14,5041,8
Εἰς,To,Prep,G1519,Mark 14,5042,8
τί,what,IPro-ANS,G5101,Mark 14,5043,8
ἡ,the,Art-NFS,G3588,Mark 14,5044,8
ἀπώλεια,waste,N-NFS,G684,Mark 14,5045,8
αὕτη,this,DPro-NFS,G3778,Mark 14,5046,8
τοῦ,of the,Art-GNS,G3588,Mark 14,5047,8
γέγονεν,has been made,V-RIA-3S,G1096,Mark 14,5048,8
ἠδύνατο,Could,V-IIM/P-3S,G1410,Mark 14,5049,8
γὰρ,for,Conj,G1063,Mark 14,5050,8
τοῦτο,this,DPro-NNS,G3778,Mark 14,5051,8
μύρον,fragrant oil,N-NNS,G3464,Mark 14,5052,8
πραθῆναι,to have been sold,V-ANP,G4097,Mark 14,5053,8
ἐπάνω,for above,Prep,G1883,Mark 14,5054,8
δηναρίων,denarii,N-GNP,G1220,Mark 14,5055,8
τριακοσίων,three hundred,Adj-GNP,G5145,Mark 14,5056,8
δοθῆναι,to have been given,V-ANP,G1325,Mark 14,5057,8
τοῖς,to the,Art-DMP,G3588,Mark 14,5058,8
πτωχοῖς,poor,Adj-DMP,G4434,Mark 14,5059,8
ἐνεβριμῶντο,they were grumbling,V-IIM/P-3P,G1690,Mark 14,5060,8
αὐτῇ,at her,PPro-DF3S,G846,Mark 14,5061,8
Ὁ,-,Art-NMS,G3588,Mark 14,5062,8
Ἰησοῦς,Jesus,N-NMS,G2424,Mark 14,5063,8
εἶπεν,said,V-AIA-3S,G2036,Mark 14,5064,8
Ἄφετε,Leave alone,V-AMA-2P,G863,Mark 14,5065,8
αὐτήν,her,PPro-AF3S,G846,Mark 14,5066,8
κόπους,trouble,N-AMP,G2873,Mark 14,5067,8
παρέχετε,do you cause,V-PIA-2P,G3930,Mark 14,5068,8
καλὸν,A good,Adj-ANS,G2570,Mark 14,5069,8
ἔργον,work,N-ANS,G2041,Mark 14,5070,8
ἠργάσατο,she did,V-AIM-3S,G2038,Mark 14,5071,8
ἐμοί,Me,PPro-D1S,G1473,Mark 14,5072,8
πάντοτε,Always,Adv,G3842,Mark 14,5073,8
τοὺς,the,Art-AMP,G3588,Mark 14,5074,8
πτωχοὺς,poor,Adj-AMP,G4434,Mark 14,5075,8
ἔχετε,you have,V-PIA-2P,G2192,Mark 14,5076,8
μεθ,with,Prep,G3326,Mark 14,5077,8
ἑαυτῶν,you,RefPro-GM3P,G1438,Mark 14,5078,8
ὅταν,whenever,Conj,G3752,Mark 14,5079,8
θέλητε,you desire,V-PSA-2P,G2309,Mark 14,5080,8
δύνασθε,you are able,V-PIM/P-2P,G1410,Mark 14,5081,8
αὐτοῖς,them,PPro-DM3P,G846,Mark 14,5082,8
πάντοτε,always,Adv,G3842,Mark 14,5083,8
εὖ,good,Adv,G2095,Mark 14,5084,8
ποιῆσαι,to do,V-ANA,G4160,Mark 14,5085,8
ἐμὲ,Me,PPro-A1S,G1473,Mark 14,5086,8
οὐ,not,Adv,G3756,Mark 14,5087,8
ὃ,What,RelPro-ANS,G3739,Mark 14,5088,8
ἔσχεν,she could,V-AIA-3S,G2192,Mark 14,5089,8
ἐποίησεν,she did,V-AIA-3S,G4160,Mark 14,5090,8
προέλαβεν,She came beforehand,V-AIA-3S,G4301,Mark 14,5091,8
μυρίσαι,to anoint,V-ANA,G3462,Mark 14,5092,8
τὸ,the,Art-ANS,G3588,Mark 14,5093,8
σῶμά,body,N-ANS,G4983,Mark 14,5094,8
μου,of Me,PPro-G1S,G1473,Mark 14,5095,8
εἰς,for,Prep,G1519,Mark 14,5096,8
τὸν,the,Art-AMS,G3588,Mark 14,5097,8
ἐνταφιασμόν,burial,N-AMS,G1780,Mark 14,5098,8
ἀμὴν,Truly,Heb,G281,Mark 14,5099,8
λέγω,I say,V-PIA-1S,G3004,Mark 14,5100,8
ὑμῖν,to you,PPro-D2P,G4771,Mark 14,5101,8
ὅπου,wherever,Adv,G3699,Mark 14,5102,8
ἐὰν,if,Conj,G1437,Mark 14,5103,8
κηρυχθῇ,shall be proclaimed,V-ASP-3S,G2784,Mark 14,5104,8
εὐαγγέλιον,gospel,N-NNS,G2098,Mark 14,5105,8
ὅλον,whole,Adj-AMS,G3650,Mark 14,5106,8
κόσμον,world,N-AMS,G2889,Mark 14,5107,8
αὕτη,this woman,PPro-NFS,G3778,Mark 14,5108,8
λαληθήσεται,will be spoken of,V-FIP-3S,G2980,Mark 14,5109,8
μνημόσυνον,a memorial,N-ANS,G3422,Mark 14,5110,8
αὐτῆς,of her,PPro-GF3S,G846,Mark 14,5111,8
Ἰούδας,Judas,N-NMS,G2455,Mark 14,5112,8
Ἰσκαριὼθ,Iscariot,N-NMS,G2469,Mark 14,5113,8
ὁ,-,Art-NMS,G3588,Mark 14,5114,8
εἷς,one,Adj-NMS,G1520,Mark 14,5115,8
τῶν,of the,Art-GMP,G3588,Mark 14,5116,8
δώδεκα,Twelve,Adj-GMP,G1427,Mark 14,5117,8
ἀπῆλθεν,went away,V-AIA-3S,G565,Mark 14,5118,8
ἀρχιερεῖς,chief priests,N-AMP,G749,Mark 14,5119,8
ἵνα,that,Conj,G2443,Mark 14,5120,8
παραδοῖ,he might betray,V-ASA-3S,G3860,Mark 14,5121,8
ἀκούσαντες,having heard,V-APA-NMP,G191,Mark 14,5122,8
ἐχάρησαν,they rejoiced,V-AIP-3P,G5463,Mark 14,5123,8
ἐπηγγείλαντο,promised,V-AIM-3P,G1861,Mark 14,5124,8
αὐτῷ,him,PPro-DM3S,G846,Mark 14,5125,8
ἀργύριον,money,N-ANS,G694,Mark 14,5126,8
δοῦναι,to give,V-ANA,G1325,Mark 14,5127,8
ἐζήτει,he was seeking,V-IIA-3S,G2212,Mark 14,5128,8
εὐκαίρως,conveniently,Adv,G2122,Mark 14,5129,8
πρώτῃ,first,Adj-DFS,G4413,Mark 14,5130,8
ἡμέρᾳ,day,N-DFS,G2250,Mark 14,5131,8
τῶν,-,Art-GNP,G3588,Mark 14,5132,8
ἀζύμων,of unleavened bread,Adj-GNP,G106,Mark 14,5133,8
ὅτε,when,Adv,G3753,Mark 14,5134,8
πάσχα,Passover lamb,N-ANS,G3957,Mark 14,5135,8
ἔθυον,they were to sacrifice,V-IIA-3P,G2380,Mark 14,5136,8
λέγουσιν,say,V-PIA-3P,G3004,Mark 14,5137,8
μαθηταὶ,disciples,N-NMP,G3101,Mark 14,5138,8
Ποῦ,Where,Adv,G4226,Mark 14,5139,8
θέλεις,do You desire that,V-PIA-2S,G2309,Mark 14,5140,8
ἀπελθόντες,having gone,V-APA-NMP,G565,Mark 14,5141,8
ἑτοιμάσωμεν,we should prepare,V-ASA-1P,G2090,Mark 14,5142,8
φάγῃς,You may eat,V-ASA-2S,G5315,Mark 14,5143,8
ἀποστέλλει,He sends forth,V-PIA-3S,G649,Mark 14,5144,8
δύο,two,Adj-AMP,G1417,Mark 14,5145,8
μαθητῶν,disciples,N-GMP,G3101,Mark 14,5146,8
λέγει,says,V-PIA-3S,G3004,Mark 14,5147,8
Ὑπάγετε,Go,V-PMA-2P,G5217,Mark 14,5148,8
πόλιν,city,N-AFS,G4172,Mark 14,5149,8
ἀπαντήσει,will meet,V-FIA-3S,G528,Mark 14,5150,8
ἄνθρωπος,a man,N-NMS,G444,Mark 14,5151,8
κεράμιον,a pitcher,N-ANS,G2765,Mark 14,5152,8
ὕδατος,of water,N-GNS,G5204,Mark 14,5153,8
βαστάζων,carrying,V-PPA-NMS,G941,Mark 14,5154,8
ἀκολουθήσατε,Follow,V-AMA-2P,G190,Mark 14,5155,8
εἰσέλθῃ,he might enter,V-ASA-3S,G1525,Mark 14,5156,8
εἴπατε,say,V-AMA-2P,G2036,Mark 14,5157,8
τῷ,to the,Art-DMS,G3588,Mark 14,5158,8
οἰκοδεσπότῃ,master of the house,N-DMS,G3617,Mark 14,5159,8
ὅτι,that,Conj,G3754,Mark 14,5160,8
Διδάσκαλος,Teacher,N-NMS,G1320,Mark 14,5161,8
ἐστιν,is,V-PIA-3S,G1510,Mark 14,5162,8
κατάλυμά,guest room,N-NNS,G2646,Mark 14,5163,8
φάγω,I may eat,V-ASA-1S,G5315,Mark 14,5164,8
αὐτὸς,he,PPro-NM3S,G846,Mark 14,5165,8
δείξει,will show,V-FIA-3S,G1166,Mark 14,5166,8
ἀνάγαιον,an upper room,N-ANS,G508,Mark 14,5167,8
μέγα,large,Adj-ANS,G3173,Mark 14,5168,8
ἐστρωμένον,having been furnished,V-RPM/P-ANS,G4766,Mark 14,5169,8
ἕτοιμον,and ready,Adj-ANS,G2092,Mark 14,5170,8
ἐκεῖ,there,Adv,G1563,Mark 14,5171,8
ἑτοιμάσατε,prepare,V-AMA-2P,G2090,Mark 14,5172,8
ἡμῖν,for us,PPro-D1P,G1473,Mark 14,5173,8
ἐξῆλθον,went away,V-AIA-3P,G1831,Mark 14,5174,8
ἦλθον,came,V-AIA-3P,G2064,Mark 14,5175,8
εὗρον,found,V-AIA-3P,G2147,Mark 14,5176,8
καθὼς,as,Adv,G2531,Mark 14,5177,8
ἡτοίμασαν,they prepared,V-AIA-3P,G2090,Mark 14,5178,8
ὀψίας,evening,Adj-GFS,G3798,Mark 14,5179,8
γενομένης,having arrived,V-APM-GFS,G1096,Mark 14,5180,8
ἔρχεται,He comes,V-PIM/P-3S,G2064,Mark 14,5181,8
ἀνακειμένων,as were reclining,V-PPM/P-GMP,G345,Mark 14,5182,8
αὐτῶν,they,PPro-GM3P,G846,Mark 14,5183,8
ἐσθιόντων,were eating,V-PPA-GMP,G2068,Mark 14,5184,8
Ἀμὴν,Truly,Heb,G281,Mark 14,5185,8
ἐξ,of,Prep,G1537,Mark 14,5186,8
ὑμῶν,you,PPro-G2P,G4771,Mark 14,5187,8
παραδώσει,will betray,V-FIA-3S,G3860,Mark 14,5188,8
με,Me,PPro-A1S,G1473,Mark 14,5189,8
ἐσθίων,is eating,V-PPA-NMS,G2068,Mark 14,5190,8
μετ,with,Prep,G3326,Mark 14,5191,8
ἐμοῦ,Me,PPro-G1S,G1473,Mark 14,5192,8
ἤρξαντο,They began,V-AIM-3P,G756,Mark 14,5193,8
λυπεῖσθαι,to be grieved,V-PNM/P,G3076,Mark 14,5194,8
λέγειν,to say,V-PNA,G3004,Mark 14,5195,8
κατὰ,by,Prep,G2596,Mark 14,5196,8
Μήτι,Surely not,IntPrtcl,G3385,Mark 14,5197,8
ἐγώ,I,PPro-N1S,G1473,Mark 14,5198,8
Εἷς,It is one of,Adj-NMS,G1520,Mark 14,5199,8
ἐμβαπτόμενος,is dipping,V-PPM-NMS,G1686,Mark 14,5200,8
ἓν,one,Adj-ANS,G1520,Mark 14,5201,8
τρύβλιον,bowl,N-ANS,G5165,Mark 14,5202,8
μὲν,indeed,Conj,G3303,Mark 14,5203,8
Υἱὸς,the Son,N-NMS,G5207,Mark 14,5204,8
ἀνθρώπου,of Man,N-GMS,G444,Mark 14,5205,8
ὑπάγει,goes,V-PIA-3S,G5217,Mark 14,5206,8
γέγραπται,it has been written,V-RIM/P-3S,G1125,Mark 14,5207,8
περὶ,concerning,Prep,G4012,Mark 14,5208,8
οὐαὶ,woe,I,G3759,Mark 14,5209,8
ἀνθρώπῳ,man,N-DMS,G444,Mark 14,5210,8
ἐκείνῳ,that,DPro-DMS,G1565,Mark 14,5211,8
δι,by,Prep,G1223,Mark 14,5212,8
οὗ,whom,RelPro-GMS,G3739,Mark 14,5213,8
παραδίδοται,is betrayed,V-PIM/P-3S,G3860,Mark 14,5214,8
καλὸν,better,Adj-NNS,G2570,Mark 14,5215,8
εἰ,if,Conj,G1487,Mark 14,5216,8
οὐκ,not,Adv,G3756,Mark 14,5217,8
ἐγεννήθη,had been born,V-AIP-3S,G1080,Mark 14,5218,8
ἐκεῖνος,that,DPro-NMS,G1565,Mark 14,5219,8
λαβὼν,having taken,V-APA-NMS,G2983,Mark 14,5220,8
ἄρτον,bread,N-AMS,G740,Mark 14,5221,8
εὐλογήσας,having spoken a blessing,V-APA-NMS,G2127,Mark 14,5222,8
ἔκλασεν,He broke,V-AIA-3S,G2806,Mark 14,5223,8
ἔδωκεν,gave,V-AIA-3S,G1325,Mark 14,5224,8
Λάβετε,Take,V-AMA-2P,G2983,Mark 14,5225,8
τοῦτό,this,DPro-NNS,G3778,Mark 14,5226,8
σῶμά,body,N-NNS,G4983,Mark 14,5227,8
ποτήριον,the cup,N-ANS,G4221,Mark 14,5228,8
εὐχαριστήσας,having given thanks,V-APA-NMS,G2168,Mark 14,5229,8
ἔπιον,they drank,V-AIA-3P,G4095,Mark 14,5230,8
αὐτοῦ,it,PPro-GN3S,G846,Mark 14,5231,8
πάντες,all,Adj-NMP,G3956,Mark 14,5232,8
Τοῦτό,This,DPro-NNS,G3778,Mark 14,5233,8
αἷμά,blood,N-NNS,G129,Mark 14,5234,8
διαθήκης,covenant,N-GFS,G1242,Mark 14,5235,8
ἐκχυννόμενον,is being poured out,V-PPM/P-NNS,G1632,Mark 14,5236,8
ὑπὲρ,for,Prep,G5228,Mark 14,5237,8
πολλῶν,many,Adj-GMP,G4183,Mark 14,5238,8
οὐκέτι,no more,Adv,G3765,Mark 14,5239,8
μὴ,not,Adv,G3361,Mark 14,5240,8
πίω,will I drink,V-ASA-1S,G4095,Mark 14,5241,8
ἐκ,of,Prep,G1537,Mark 14,5242,8
γενήματος,fruit,N-GNS,G1081,Mark 14,5243,8
ἀμπέλου,vine,N-GFS,G288,Mark 14,5244,8
ἕως,until,Prep,G2193,Mark 14,5245,8
ἡμέρας,day,N-GFS,G2250,Mark 14,5246,8
ἐκείνης,that,DPro-GFS,G1565,Mark 14,5247,8
αὐτὸ,it,PPro-AN3S,G846,Mark 14,5248,8
πίνω,I drink,V-PSA-1S,G4095,Mark 14,5249,8
καινὸν,anew,Adj-ANS,G2537,Mark 14,5250,8
βασιλείᾳ,kingdom,N-DFS,G932,Mark 14,5251,8
Θεοῦ,of God,N-GMS,G2316,Mark 14,5252,8
ὑμνήσαντες,having sung a hymn,V-APA-NMP,G5214,Mark 14,5253,8
ὄρος,Mount,N-ANS,G3735,Mark 14,5254,8
τῶν,-,Art-GFP,G3588,Mark 14,5255,8
Ἐλαιῶν,of Olives,N-GFP,G1636,Mark 14,5256,8
Πάντες,All,Adj-NMP,G3956,Mark 14,5257,8
σκανδαλισθήσεσθε,you will fall away,V-FIP-2P,G4624,Mark 14,5258,8
ἐν,in,Prep,G1722,Mark 14,5259,8
ἐμοὶ,me,PPro-D1S,G1699,Mark 14,5260,8
νυκτὶ,night,N-DFS,G3571,Mark 14,5261,8
ταύτῃ,this,DPro-DFS,G3778,Mark 14,5262,8
Πατάξω,I will strike,V-FIA-1S,G3960,Mark 14,5263,8
ποιμένα,shepherd,N-AMS,G4166,Mark 14,5264,8
πρόβατα,sheep,N-NNP,G4263,Mark 14,5265,8
διασκορπισθήσονται,will be scattered,V-FIP-3P,G1287,Mark 14,5266,8
Ἀλλὰ,But,Conj,G235,Mark 14,5267,8
ἐγερθῆναί,having arisen,V-ANP,G1453,Mark 14,5268,8
προάξω,will go before,V-FIA-1S,G4254,Mark 14,5269,8
ὑμᾶς,you,PPro-A2P,G4771,Mark 14,5270,8
Γαλιλαίαν,Galilee,N-AFS,G1056,Mark 14,5271,8
Πέτρος,Peter,N-NMS,G4074,Mark 14,5272,8
ἔφη,was saying,V-IIA-3S,G5346,Mark 14,5273,8
Εἰ,If,Conj,G1487,Mark 14,5274,8
σκανδαλισθήσονται,will fall away,V-FIP-3P,G4624,Mark 14,5275,8
ἀλλ,yet,Conj,G235,Mark 14,5276,8
σοι,to you,PPro-D2S,G4771,Mark 14,5277,8
σὺ,yourself,PPro-N2S,G4771,Mark 14,5278,8
σήμερον,now,Adv,G4594,Mark 14,5279,8
ταύτῃ,this,DPro-DFS,G3778,Mark 14,5280,8
πρὶν,before,Adv,G4250,Mark 14,5281,8
ἢ,that,Conj,G2228,Mark 14,5282,8
δὶς,twice,Adv,G1364,Mark 14,5283,8
ἀλέκτορα,the rooster,N-AMS,G220,Mark 14,5284,8
φωνῆσαι,crows,V-ANA,G5455,Mark 14,5285,8
τρίς,three times,Adv,G5151,Mark 14,5286,8
ἀπαρνήσῃ,you will deny,V-FIM-2S,G533,Mark 14,5287,8
ἐκπερισσῶς,emphatically,Adv,G4057,Mark 14,5288,8
ἐλάλει,he kept saying,V-IIA-3S,G2980,Mark 14,5289,8
Ἐὰν,If,Conj,G1437,Mark 14,5290,8
δέῃ,it is needful,V-PSA-3S,G1163,Mark 14,5291,8
συναποθανεῖν,to die with,V-ANA,G4880,Mark 14,5292,8
μή,not,Adv,G3361,Mark 14,5293,8
σε,You,PPro-A2S,G4771,Mark 14,5294,8
ἀπαρνήσομαι,will I deny,V-FIM-1S,G533,Mark 14,5295,8
ὡσαύτως,Likewise,Adv,G5615,Mark 14,5296,8
ἔρχονται,they come,V-PIM/P-3P,G2064,Mark 14,5297,8
χωρίον,a place,N-ANS,G5564,Mark 14,5298,8
οὗ,of which,RelPro-GNS,G3739,Mark 14,5299,8
ὄνομα,name is,N-NNS,G3686,Mark 14,5300,8
Γεθσημανί,Gethsemane,N-NNS,G1068,Mark 14,5301,8
μαθηταῖς,disciples,N-DMP,G3101,Mark 14,5302,8
Καθίσατε,Sit,V-AMA-2P,G2523,Mark 14,5303,8
ὧδε,here,Adv,G5602,Mark 14,5304,8
ἕως,while,Conj,G2193,Mark 14,5305,8
προσεύξωμαι,I shall pray,V-ASM-1S,G4336,Mark 14,5306,8
παραλαμβάνει,He takes,V-PIA-3S,G3880,Mark 14,5307,8
Πέτρον,Peter,N-AMS,G4074,Mark 14,5308,8
Ἰάκωβον,James,N-AMS,G2385,Mark 14,5309,8
Ἰωάννην,John,N-AMS,G2491,Mark 14,5310,8
ἤρξατο,He began,V-AIM-3S,G756,Mark 14,5311,8
ἐκθαμβεῖσθαι,to be greatly awe-struck,V-PNM/P,G1568,Mark 14,5312,8
ἀδημονεῖν,deeply distressed,V-PNA,G85,Mark 14,5313,8
Περίλυπός,Very sorrowful,Adj-NFS,G4036,Mark 14,5314,8
ψυχή,soul,N-NFS,G5590,Mark 14,5315,8
θανάτου,death,N-GMS,G2288,Mark 14,5316,8
μείνατε,remain,V-AMA-2P,G3306,Mark 14,5317,8
γρηγορεῖτε,watch,V-PMA-2P,G1127,Mark 14,5318,8
προελθὼν,having gone forward,V-APA-NMS,G4281,Mark 14,5319,8
μικρὸν,a little,Adj-ANS,G3398,Mark 14,5320,8
ἔπιπτεν,He fell,V-IIA-3S,G4098,Mark 14,5321,8
ἐπὶ,upon,Prep,G1909,Mark 14,5322,8
γῆς,ground,N-GFS,G1093,Mark 14,5323,8
προσηύχετο,was praying,V-IIM/P-3S,G4336,Mark 14,5324,8
δυνατόν,possible,Adj-NNS,G1415,Mark 14,5325,8
παρέλθῃ,might pass,V-ASA-3S,G3928,Mark 14,5326,8
ἀπ,from,Prep,G575,Mark 14,5327,8
ὥρα,hour,N-NFS,G5610,Mark 14,5328,8
ἔλεγεν,He was saying,V-IIA-3S,G2036,Mark 14,5329,8
Ἀββᾶ,Abba,N-VMS,G5,Mark 14,5330,8
ὁ,-,Art-VMS,G3588,Mark 14,5331,8
Πατήρ,Father,N-NMS,G3962,Mark 14,5332,8
πάντα,all things are,Adj-NNP,G3956,Mark 14,5333,8
δυνατά,possible,Adj-NNP,G1415,Mark 14,5334,8
παρένεγκε,take away,V-AMA-2S,G3911,Mark 14,5335,8
τοῦτο,this,DPro-ANS,G3778,Mark 14,5336,8
ἐγὼ,I,PPro-N1S,G1473,Mark 14,5337,8
θέλω,will,V-PIA-1S,G2309,Mark 14,5338,8
ἀλλὰ,but,Conj,G235,Mark 14,5339,8
σύ,You,PPro-N2S,G4771,Mark 14,5340,8
εὑρίσκει,finds,V-PIA-3S,G2147,Mark 14,5341,8
αὐτοὺς,them,PPro-AM3P,G846,Mark 14,5342,8
καθεύδοντας,sleeping,V-PPA-AMP,G2518,Mark 14,5343,8
Πέτρῳ,to Peter,N-DMS,G4074,Mark 14,5344,8
Σίμων,Simon,N-VMS,G4613,Mark 14,5345,8
καθεύδεις,are you asleep,V-PIA-2S,G2518,Mark 14,5346,8
ἴσχυσας,were you able,V-AIA-2S,G2480,Mark 14,5347,8
μίαν,one,Adj-AFS,G1520,Mark 14,5348,8
ὥραν,hour,N-AFS,G5610,Mark 14,5349,8
γρηγορῆσαι,to watch,V-ANA,G1127,Mark 14,5350,8
προσεύχεσθε,pray,V-PMM/P-2P,G4336,Mark 14,5351,8
ἔλθητε,you may enter,V-ASA-2P,G2064,Mark 14,5352,8
πειρασμόν,temptation,N-AMS,G3986,Mark 14,5353,8
πνεῦμα,spirit,N-NNS,G4151,Mark 14,5354,8
πρόθυμον,is willing,Adj-NNS,G4289,Mark 14,5355,8
σὰρξ,the flesh,N-NFS,G4561,Mark 14,5356,8
ἀσθενής,weak,Adj-NFS,G772,Mark 14,5357,8
πάλιν,again,Adv,G3825,Mark 14,5358,8
ἀπελθὼν,having gone away,V-APA-NMS,G565,Mark 14,5359,8
προσηύξατο,He prayed,V-AIM-3S,G4336,Mark 14,5360,8
λόγον,thing,N-AMS,G3056,Mark 14,5361,8
εἰπών,having said,V-APA-NMS,G2036,Mark 14,5362,8
ἐλθὼν,having returned,V-APA-NMS,G2064,Mark 14,5363,8
εὗρεν,he found,V-AIA-3S,G2147,Mark 14,5364,8
ἦσαν,Were,V-IIA-3P,G1510,Mark 14,5365,8
ὀφθαλμοὶ,eyes,N-NMP,G3788,Mark 14,5366,8
καταβαρυνόμενοι,heavy,V-PPM/P-NMP,G2599,Mark 14,5367,8
ᾔδεισαν,they knew,V-LIA-3P,G1492,Mark 14,5368,8
ἀποκριθῶσιν,they should answer,V-ASP-3P,G611,Mark 14,5369,8
τρίτον,third time,Adj-ANS,G5154,Mark 14,5370,8
Καθεύδετε,Are you sleeping,V-PIA-2P,G2518,Mark 14,5371,8
λοιπὸν,still,Adj-ANS,G3063,Mark 14,5372,8
ἀναπαύεσθε,taking your rest,V-PIM-2P,G373,Mark 14,5373,8
ἀπέχει,It is enough,V-PIA-3S,G568,Mark 14,5374,8
ἰδοὺ,behold,V-AMA-2S,G2400,Mark 14,5375,8
τὰς,the,Art-AFP,G3588,Mark 14,5376,8
χεῖρας,hands,N-AFP,G5495,Mark 14,5377,8
ἁμαρτωλῶν,sinful,Adj-GMP,G268,Mark 14,5378,8
ἐγείρεσθε,Rise,V-PMM/P-2P,G1453,Mark 14,5379,8
ἄγωμεν,let us go,V-PSA-1P,G71,Mark 14,5380,8
παραδιδούς,betraying,V-PPA-NMS,G3860,Mark 14,5381,8
ἤγγικεν,has drawn near,V-RIA-3S,G1448,Mark 14,5382,8
εὐθὺς,immediately,Adv,G2112,Mark 14,5383,8
ἔτι,while yet,Adv,G2089,Mark 14,5384,8
λαλοῦντος,speaking,V-PPA-GMS,G2980,Mark 14,5385,8
παραγίνεται,comes up,V-PIM/P-3S,G3854,Mark 14,5386,8
ὁ,-,Art-NMS,G3588,Mark 14,5387,8
ὄχλος,a crowd,N-NMS,G3793,Mark 14,5388,8
μαχαιρῶν,swords,N-GFP,G3162,Mark 14,5389,8
ξύλων,clubs,N-GNP,G3586,Mark 14,5390,8
παρὰ,from,Prep,G3844,Mark 14,5391,8
ἀρχιερέων,chief priests,N-GMP,G749,Mark 14,5392,8
γραμματέων,scribes,N-GMP,G1122,Mark 14,5393,8
πρεσβυτέρων,elders,Adj-GMP,G4245,Mark 14,5394,8
Δεδώκει,Had given,V-LIA-3S,G1325,Mark 14,5395,8
παραδιδοὺς,delivering up,V-PPA-NMS,G3860,Mark 14,5396,8
σύσσημον,a sign,N-ANS,G4953,Mark 14,5397,8
λέγων,saying,V-PPA-NMS,G3004,Mark 14,5398,8
Ὃν,Whomever,RelPro-AMS,G3739,Mark 14,5399,8
ἂν,-,Prtcl,G302,Mark 14,5400,8
φιλήσω,I shall kiss,V-ASA-1S,G5368,Mark 14,5401,8
αὐτός,He,PPro-NM3S,G846,Mark 14,5402,8
κρατήσατε,seize,V-AMA-2P,G2902,Mark 14,5403,8
ἀπάγετε,lead Him away,V-PMA-2P,G520,Mark 14,5404,8
ἀσφαλῶς,securely,Adv,G806,Mark 14,5405,8
προσελθὼν,having come up,V-APA-NMS,G4334,Mark 14,5406,8
Ῥαββί,Rabbi,N-VMS,G4461,Mark 14,5407,8
κατεφίλησεν,he kissed,V-AIA-3S,G2705,Mark 14,5408,8
αὐτόν,Him,PPro-AM3S,G846,Mark 14,5409,8
Οἱ,-,Art-NMP,G3588,Mark 14,5410,8
ἐπέβαλαν,they laid,V-AIA-3P,G1911,Mark 14,5411,8
ἐκράτησαν,seized,V-AIA-3P,G2902,Mark 14,5412,8
τις,a certain,IPro-NMS,G5100,Mark 14,5413,8
παρεστηκότων,standing by,V-RPA-GMP,G3936,Mark 14,5414,8
σπασάμενος,having drawn,V-APM-NMS,G4685,Mark 14,5415,8
μάχαιραν,sword,N-AFS,G3162,Mark 14,5416,8
ἔπαισεν,struck,V-AIA-3S,G3817,Mark 14,5417,8
δοῦλον,servant,N-AMS,G1401,Mark 14,5418,8
ἀρχιερέως,high priest,N-GMS,G749,Mark 14,5419,8
ἀφεῖλεν,cut off,V-AIA-3S,G851,Mark 14,5420,8
ὠτάριον,ear,N-ANS,G5621,Mark 14,5421,8
ἀποκριθεὶς,answering,V-APP-NMS,G611,Mark 14,5422,8
Ὡς,As,Adv,G5613,Mark 14,5423,8
λῃστὴν,a robber,N-AMS,G3027,Mark 14,5424,8
ἐξήλθατε,are you come out,V-AIA-2P,G1831,Mark 14,5425,8
συλλαβεῖν,to capture,V-ANA,G4815,Mark 14,5426,8
καθ,Every,Prep,G2596,Mark 14,5427,8
ἡμέραν,day,N-AFS,G2250,Mark 14,5428,8
ἤμην,I was,V-IIM-1S,G1510,Mark 14,5429,8
τῷ,the,Art-DNS,G3588,Mark 14,5430,8
ἱερῷ,temple,N-DNS,G2411,Mark 14,5431,8
διδάσκων,teaching,V-PPA-NMS,G1321,Mark 14,5432,8
ἐκρατήσατέ,you did seize,V-AIA-2P,G2902,Mark 14,5433,8
πληρωθῶσιν,may be fulfilled,V-ASP-3P,G4137,Mark 14,5434,8
αἱ,the,Art-NFP,G3588,Mark 14,5435,8
γραφαί,Scriptures,N-NFP,G1124,Mark 14,5436,8
ἀφέντες,having left,V-APA-NMP,G863,Mark 14,5437,8
ἔφυγον,fled,V-AIA-3P,G5343,Mark 14,5438,8
νεανίσκος,a young man,N-NMS,G3495,Mark 14,5439,8
συνηκολούθει,was following,V-IIA-3S,G4870,Mark 14,5440,8
περιβεβλημένος,having cast,V-RPM/P-NMS,G4016,Mark 14,5441,8
σινδόνα,a linen cloth,N-AFS,G4616,Mark 14,5442,8
γυμνοῦ,his naked body,Adj-GNS,G1131,Mark 14,5443,8
κρατοῦσιν,they seize,V-PIA-3P,G2902,Mark 14,5444,8
καταλιπὼν,having left behind,V-APA-NMS,G2641,Mark 14,5445,8
γυμνὸς,naked,Adj-NMS,G1131,Mark 14,5446,8
ἔφυγεν,he fled,V-AIA-3S,G5343,Mark 14,5447,8
ἀπήγαγον,they led away,V-AIA-3P,G520,Mark 14,5448,8
Ἰησοῦν,Jesus,N-AMS,G2424,Mark 14,5449,8
ἀρχιερέα,high priest,N-AMS,G749,Mark 14,5450,8
συνέρχονται,come together,V-PIM/P-3P,G4905,Mark 14,5451,8
πρεσβύτεροι,elders,Adj-NMP,G4245,Mark 14,5452,8
ἀπὸ,from,Prep,G575,Mark 14,5453,8
μακρόθεν,afar off,Adv,G3113,Mark 14,5454,8
ἠκολούθησεν,followed,V-AIA-3S,G190,Mark 14,5455,8
ἔσω,within,Adv,G2080,Mark 14,5456,8
αὐλὴν,court,N-AFS,G833,Mark 14,5457,8
ἦν,he was,V-IIA-3S,G1510,Mark 14,5458,8
συνκαθήμενος,sitting,V-PPM/P-NMS,G4775,Mark 14,5459,8
ὑπηρετῶν,officers,N-GMP,G5257,Mark 14,5460,8
θερμαινόμενος,warming himself,V-PPM-NMS,G2328,Mark 14,5461,8
φῶς,fire,N-ANS,G5457,Mark 14,5462,8
ὅλον,all,Adj-NNS,G3650,Mark 14,5463,8
συνέδριον,Council,N-NNS,G4892,Mark 14,5464,8
Ἰησοῦ,Jesus,N-GMS,G2424,Mark 14,5465,8
μαρτυρίαν,testimony,N-AFS,G3141,Mark 14,5466,8
θανατῶσαι,put to death,V-ANA,G2289,Mark 14,5467,8
οὐχ,not,Adv,G3756,Mark 14,5468,8
ηὕρισκον,they were finding any,V-IIA-3P,G2147,Mark 14,5469,8
πολλοὶ,Many,Adj-NMP,G4183,Mark 14,5470,8
ἐψευδομαρτύρουν,were bearing false testimony,V-IIA-3P,G5576,Mark 14,5471,8
κατ,against,Prep,G2596,Mark 14,5472,8
ἴσαι,alike,Adj-NFP,G2470,Mark 14,5473,8
μαρτυρίαι,testimonies,N-NFP,G3141,Mark 14,5474,8
Καί,And,Conj,G2532,Mark 14,5475,8
ἀναστάντες,having risen up,V-APA-NMP,G450,Mark 14,5476,8
λέγοντες,saying,V-PPA-NMP,G3004,Mark 14,5477,8
Ὅτι,-,Conj,G3754,Mark 14,5478,8
Ἡμεῖς,We,PPro-N1P,G1473,Mark 14,5479,8
ἠκούσαμεν,heard,V-AIA-1P,G191,Mark 14,5480,8
λέγοντος,saying,V-PPA-GMS,G3004,Mark 14,5481,8
Ἐγὼ,I,PPro-N1S,G1473,Mark 14,5482,8
καταλύσω,will destroy,V-FIA-1S,G2647,Mark 14,5483,8
ναὸν,temple,N-AMS,G3485,Mark 14,5484,8
τοῦτον,this,DPro-AMS,G3778,Mark 14,5485,8
χειροποίητον,made with hands,Adj-AMS,G5499,Mark 14,5486,8
διὰ,in,Prep,G1223,Mark 14,5487,8
τριῶν,three,Adj-GFP,G5140,Mark 14,5488,8
ἡμερῶν,days,N-GFP,G2250,Mark 14,5489,8
ἄλλον,another,Adj-AMS,G243,Mark 14,5490,8
ἀχειροποίητον,not made with hands,Adj-AMS,G886,Mark 14,5491,8
οἰκοδομήσω,I will build,V-FIA-1S,G3618,Mark 14,5492,8
οὐδὲ,neither,Adv,G3761,Mark 14,5493,8
οὕτως,thus,Adv,G3779,Mark 14,5494,8
ἴση,alike,Adj-NFS,G2470,Mark 14,5495,8
μαρτυρία,testimony,N-NFS,G3141,Mark 14,5496,8
ἀναστὰς,having stood up,V-APA-NMS,G450,Mark 14,5497,8
ἀρχιερεὺς,high priest,N-NMS,G749,Mark 14,5498,8
μέσον,the midst,Adj-ANS,G3319,Mark 14,5499,8
ἐπηρώτησεν,he questioned,V-AIA-3S,G1905,Mark 14,5500,8
Οὐκ,Not,Adv,G3756,Mark 14,5501,8
ἀποκρίνῃ,answer You,V-PIM/P-2S,G611,Mark 14,5502,8
οὐδέν,nothing,Adj-ANS,G3762,Mark 14,5503,8
οὗτοί,these,DPro-NMP,G3778,Mark 14,5504,8
σου,You,PPro-G2S,G4771,Mark 14,5505,8
καταμαρτυροῦσιν,testify against,V-PIA-3P,G2649,Mark 14,5506,8
ἐσιώπα,He was silent,V-IIA-3S,G4623,Mark 14,5507,8
ἀπεκρίνατο,did He answer,V-AIM-3S,G611,Mark 14,5508,8
Πάλιν,Again,Adv,G3825,Mark 14,5509,8
ἐπηρώτα,was questioning,V-IIA-3S,G1905,Mark 14,5510,8
Σὺ,You,PPro-N2S,G4771,Mark 14,5511,8
εἶ,are,V-PIA-2S,G1510,Mark 14,5512,8
Χριστὸς,Christ,N-NMS,G5547,Mark 14,5513,8
Εὐλογητοῦ,Blessed One,Adj-GMS,G2128,Mark 14,5514,8
Ἐγώ,I,PPro-N1S,G1473,Mark 14,5515,8
εἰμι,am,V-PIA-1S,G1510,Mark 14,5516,8
ὄψεσθε,you will see,V-FIM-2P,G3708,Mark 14,5517,8
Υἱὸν,Son,N-AMS,G5207,Mark 14,5518,8
δεξιῶν,right hand,Adj-GNP,G1188,Mark 14,5519,8
καθήμενον,sitting,V-PPM/P-AMS,G2521,Mark 14,5520,8
δυνάμεως,Power,N-GFS,G1411,Mark 14,5521,8
ἐρχόμενον,coming,V-PPM/P-AMS,G2064,Mark 14,5522,8
νεφελῶν,clouds,N-GFP,G3507,Mark 14,5523,8
οὐρανοῦ,heaven,N-GMS,G3772,Mark 14,5524,8
διαρρήξας,having torn,V-APA-NMS,G1284,Mark 14,5525,8
χιτῶνας,garments,N-AMP,G5509,Mark 14,5526,8
Τί,What,IPro-ANS,G5101,Mark 14,5527,8
χρείαν,need,N-AFS,G5532,Mark 14,5528,8
ἔχομεν,have we,V-PIA-1P,G2192,Mark 14,5529,8
μαρτύρων,of witnesses,N-GMP,G3144,Mark 14,5530,8
ἠκούσατε,You heard,V-AIA-2P,G191,Mark 14,5531,8
βλασφημίας,blasphemy,N-GFS,G988,Mark 14,5532,8
τί,What,IPro-NNS,G5101,Mark 14,5533,8
φαίνεται,does it appear,V-PIM/P-3S,G5316,Mark 14,5534,8
κατέκριναν,condemned,V-AIA-3P,G2632,Mark 14,5535,8
ἔνοχον,deserving,Adj-AMS,G1777,Mark 14,5536,8
εἶναι,to be,V-PNA,G1510,Mark 14,5537,8
ἤρξαντό,began,V-AIM-3P,G756,Mark 14,5538,8
ἐμπτύειν,to spit upon,V-PNA,G1716,Mark 14,5539,8
περικαλύπτειν,to cover up,V-PNA,G4028,Mark 14,5540,8
πρόσωπον,face,N-ANS,G4383,Mark 14,5541,8
κολαφίζειν,to strike,V-PNA,G2852,Mark 14,5542,8
Προφήτευσον,Prophesy,V-AMA-2S,G4395,Mark 14,5543,8
ὑπηρέται,officers,N-NMP,G5257,Mark 14,5544,8
ῥαπίσμασιν,with the palms,N-DNP,G4475,Mark 14,5545,8
ἔλαβον,received,V-AIA-3P,G2983,Mark 14,5546,8
Πέτρου,Peter,N-GMS,G4074,Mark 14,5547,8
κάτω,below,Adv,G2736,Mark 14,5548,8
αὐλῇ,courtyard,N-DFS,G833,Mark 14,5549,8
μία,one,Adj-NFS,G1520,Mark 14,5550,8
παιδισκῶν,servant girls,N-GFP,G3814,Mark 14,5551,8
ἰδοῦσα,having seen,V-APA-NFS,G3708,Mark 14,5552,8
θερμαινόμενον,warming himself,V-PPM-AMS,G2328,Mark 14,5553,8
ἐμβλέψασα,having looked at,V-APA-NFS,G1689,Mark 14,5554,8
Ναζαρηνοῦ,Nazarene,N-GMS,G3479,Mark 14,5555,8
ἦσθα,were,V-IIM-2S,G1510,Mark 14,5556,8
ἠρνήσατο,he denied it,V-AIM-3S,G720,Mark 14,5557,8
Οὔτε,Neither,Conj,G3777,Mark 14,5558,8
οἶδα,I know,V-RIA-1S,G1492,Mark 14,5559,8
οὔτε,nor even,Conj,G3777,Mark 14,5560,8
ἐπίσταμαι,understand,V-PIM/P-1S,G1987,Mark 14,5561,8
λέγεις,say,V-PIA-2S,G3004,Mark 14,5562,8
ἐξῆλθεν,he went forth,V-AIA-3S,G1831,Mark 14,5563,8
ἔξω,out,Adv,G1854,Mark 14,5564,8
προαύλιον,porch,N-ANS,G4259,Mark 14,5565,8
καὶ,and,Conj,G2532,Mark 14,5566,8
ἀλέκτωρ,the rooster,N-NMS,G220,Mark 14,5567,8
ἐφώνησεν,crowed,V-AIA-3S,G5455,Mark 14,5568,8
παιδίσκη,servant girl,N-NFS,G3814,Mark 14,5569,8
παρεστῶσιν,standing by,V-RPA-DMP,G3936,Mark 14,5570,8
Οὗτος,This,DPro-NMS,G3778,Mark 14,5571,8
ἠρνεῖτο,he denied,V-IIM/P-3S,G720,Mark 14,5572,8
παρεστῶτες,standing by,V-RPA-NMP,G3936,Mark 14,5573,8
Ἀληθῶς,Truly,Adv,G230,Mark 14,5574,8
Γαλιλαῖος,a Galilean,N-NMS,G1057,Mark 14,5575,8
λαλιά,speech,N-NFS,G2981,Mark 14,5576,8
ὁμοιάζει,agrees,V-PIA-3S,G3662,Mark 14,5577,8
ἀναθεματίζειν,to curse,V-PNA,G332,Mark 14,5578,8
ὀμνύναι,to swear,V-PNA,G3660,Mark 14,5579,8
ἄνθρωπον,man,N-AMS,G444,Mark 14,5580,8
ὃν,whom,RelPro-AMS,G3739,Mark 14,5581,8
λέγετε,you speak of,V-PIA-2P,G3004,Mark 14,5582,8
δευτέρου,the second time,Adj-GNS,G1208,Mark 14,5583,8
ἐφώνησεν,crowed,V-AIA-3S,G5455,Mark 14,5584,8
ἀνεμνήσθη,remembered,V-AIP-3S,G363,Mark 14,5585,8
ῥῆμα,word,N-ANS,G4487,Mark 14,5586,8
ὡς,that,Adv,G5613,Mark 14,5587,8
Πρὶν,Before,Adv,G4250,Mark 14,5588,8
δὶς ,twice,Adv,G1364,Mark 14,5589,8
ἐπιβαλὼν,having broken down,V-APA-NMS,G1911,Mark 14,5590,8
ἔκλαιεν,he began to weep,V-IIA-3S,G2799,Mark 14,5591,8
Καὶ,And,Conj,G2532,Mark 15,5592,8
εὐθὺς,early,Adv,G2112,Mark 15,5593,8
πρωῒ,in the morning,Adv,G4404,Mark 15,5594,8
συμβούλιον,a counsel,N-ANS,G4824,Mark 15,5595,8
ποιήσαντες,having formed,V-APA-NMP,G4160,Mark 15,5596,8
οἱ,the,Art-NMP,G3588,Mark 15,5597,8
ἀρχιερεῖς,chief priests,N-NMP,G749,Mark 15,5598,8
μετὰ,with,Prep,G3326,Mark 15,5599,8
τῶν,the,Art-GMP,G3588,Mark 15,5600,8
πρεσβυτέρων,elders,Adj-GMP,G4245,Mark 15,5601,8
καὶ,and,Conj,G2532,Mark 15,5602,8
γραμματέων,scribes,N-GMP,G1122,Mark 15,5603,8
ὅλον,all,Adj-NNS,G3650,Mark 15,5604,8
τὸ,the,Art-NNS,G3588,Mark 15,5605,8
συνέδριον,Council,N-NNS,G4892,Mark 15,5606,8
δήσαντες,having bound,V-APA-NMP,G1210,Mark 15,5607,8
τὸν,-,Art-AMS,G3588,Mark 15,5608,8
Ἰησοῦν,Jesus,N-AMS,G2424,Mark 15,5609,8
ἀπήνεγκαν,they led Him away,V-AIA-3P,G667,Mark 15,5610,8
παρέδωκαν,delivered Him,V-AIA-3P,G3860,Mark 15,5611,8
Πιλάτῳ,to Pilate,N-DMS,G4091,Mark 15,5612,8
ἐπηρώτησεν,questioned,V-AIA-3S,G1905,Mark 15,5613,8
αὐτὸν,Him,PPro-AM3S,G846,Mark 15,5614,8
ὁ,-,Art-NMS,G3588,Mark 15,5615,8
Πιλᾶτος,Pilate,N-NMS,G4091,Mark 15,5616,8
Σὺ,You,PPro-N2S,G4771,Mark 15,5617,8
εἶ,are,V-PIA-2S,G1510,Mark 15,5618,8
Βασιλεὺς,King,N-NMS,G935,Mark 15,5619,8
Ἰουδαίων,Jews,Adj-GMP,G2453,Mark 15,5620,8
Ὁ,-,Art-NMS,G3588,Mark 15,5621,8
δὲ,And,Conj,G1161,Mark 15,5622,8
ἀποκριθεὶς,answering,V-APP-NMS,G611,Mark 15,5623,8
αὐτῷ,to him,PPro-DM3S,G846,Mark 15,5624,8
λέγει,He says,V-PIA-3S,G3004,Mark 15,5625,8
λέγεις,have said,V-PIA-2S,G3004,Mark 15,5626,8
κατηγόρουν,were accusing,V-IIA-3P,G2723,Mark 15,5627,8
αὐτοῦ,Him,PPro-GM3S,G846,Mark 15,5628,8
πολλά,of many things,Adj-ANP,G4183,Mark 15,5629,8
πάλιν,again,Adv,G3825,Mark 15,5630,8
ἐπηρώτα,began to question,V-IIA-3S,G1905,Mark 15,5631,8
λέγων,saying,V-PPA-NMS,G3004,Mark 15,5632,8
Οὐκ,Not,Adv,G3756,Mark 15,5633,8
ἀποκρίνῃ,answer You,V-PIM/P-2S,G611,Mark 15,5634,8
οὐδέν,nothing,Adj-ANS,G3762,Mark 15,5635,8
ἴδε,See,V-AMA-2S,G2400,Mark 15,5636,8
πόσα,how many things,IPro-ANP,G4214,Mark 15,5637,8
σου,You,PPro-G2S,G4771,Mark 15,5638,8
κατηγοροῦσιν,they testify against,V-PIA-3P,G2723,Mark 15,5639,8
Ἰησοῦς,Jesus,N-NMS,G2424,Mark 15,5640,8
οὐκέτι,no longer,Adv,G3765,Mark 15,5641,8
οὐδὲν,nothing,Adj-ANS,G3762,Mark 15,5642,8
ἀπεκρίθη,answered,V-AIP-3S,G611,Mark 15,5643,8
ὥστε,so as,Conj,G5620,Mark 15,5644,8
θαυμάζειν,to amaze,V-PNA,G2296,Mark 15,5645,8
Πιλᾶτον,Pilate,N-AMS,G4091,Mark 15,5646,8
Κατὰ,At,Prep,G2596,Mark 15,5647,8
ἑορτὴν,the feast,N-AFS,G1859,Mark 15,5648,8
ἀπέλυεν,he used to release,V-IIA-3S,G630,Mark 15,5649,8
αὐτοῖς,to them,PPro-DM3P,G846,Mark 15,5650,8
ἕνα,one,Adj-AMS,G1520,Mark 15,5651,8
δέσμιον,prisoner,N-AMS,G1198,Mark 15,5652,8
ὃν,whom,RelPro-AMS,G3739,Mark 15,5653,8
παρῃτοῦντο,they requested,V-IIM/P-3P,G3868,Mark 15,5654,8
ἦν,There was,V-IIA-3S,G1510,Mark 15,5655,8
λεγόμενος,called,V-PPM/P-NMS,G3004,Mark 15,5656,8
Βαραββᾶς,Barabbas,N-NMS,G912,Mark 15,5657,8
στασιαστῶν,rebels,N-GMP,G4955,Mark 15,5658,8
δεδεμένος,having been bound,V-RPM/P-NMS,G1210,Mark 15,5659,8
οἵτινες,who,RelPro-NMP,G3748,Mark 15,5660,8
ἐν,in,Prep,G1722,Mark 15,5661,8
τῇ,the,Art-DFS,G3588,Mark 15,5662,8
στάσει,insurrection,N-DFS,G4714,Mark 15,5663,8
φόνον,murder,N-AMS,G5408,Mark 15,5664,8
πεποιήκεισαν,had committed,V-LIA-3P,G4160,Mark 15,5665,8
ἀναβὰς,having cried out,V-APA-NMS,G305,Mark 15,5666,8
ὄχλος,crowd,N-NMS,G3793,Mark 15,5667,8
ἤρξατο,began,V-AIM-3S,G756,Mark 15,5668,8
αἰτεῖσθαι,to beg him to do,V-PNM,G154,Mark 15,5669,8
καθὼς,as usually,Adv,G2531,Mark 15,5670,8
ἐποίει,he did,V-IIA-3S,G4160,Mark 15,5671,8
Θέλετε,Wish you that,V-PIA-2P,G2309,Mark 15,5672,8
ἀπολύσω,I should release,V-ASA-1S,G630,Mark 15,5673,8
ὑμῖν,to you,PPro-D2P,G4771,Mark 15,5674,8
Βασιλέα,King,N-AMS,G935,Mark 15,5675,8
ἐγίνωσκεν,He was aware,V-IIA-3S,G1097,Mark 15,5676,8
γὰρ,for,Conj,G1063,Mark 15,5677,8
ὅτι,that,Conj,G3754,Mark 15,5678,8
διὰ,because of,Prep,G1223,Mark 15,5679,8
φθόνον,envy,N-AMS,G5355,Mark 15,5680,8
παραδεδώκεισαν,had delivered up,V-LIA-3P,G3860,Mark 15,5681,8
Οἱ,-,Art-NMP,G3588,Mark 15,5682,8
ἀνέσεισαν,stirred up,V-AIA-3P,G383,Mark 15,5683,8
ὄχλον,crowd,N-AMS,G3793,Mark 15,5684,8
ἵνα,so that,Conj,G2443,Mark 15,5685,8
μᾶλλον,instead,Adv,G3123,Mark 15,5686,8
Βαραββᾶν,Barabbas,N-AMS,G912,Mark 15,5687,8
ἀπολύσῃ,he might release,V-ASA-3S,G630,Mark 15,5688,8
ἔλεγεν,was saying,V-IIA-3S,G2036,Mark 15,5689,8
Τί,What,IPro-ANS,G5101,Mark 15,5690,8
οὖν,then,Conj,G3767,Mark 15,5691,8
θέλετε,do you wish that,V-PIA-2P,G2309,Mark 15,5692,8
ποιήσω,I should do,V-ASA-1S,G4160,Mark 15,5693,8
λέγετε,you call,V-PIA-2P,G3004,Mark 15,5694,8
ἔκραξαν,they cried out,V-AIA-3P,G2896,Mark 15,5695,8
Σταύρωσον,Crucify,V-AMA-2S,G4717,Mark 15,5696,8
αὐτόν,Him,PPro-AM3S,G846,Mark 15,5697,8
ἐποίησεν,did He commit,V-AIA-3S,G4160,Mark 15,5698,8
κακόν,evil,Adj-ANS,G2556,Mark 15,5699,8
περισσῶς,much more,Adv,G4057,Mark 15,5700,8
βουλόμενος,desiring,V-PPM/P-NMS,G1014,Mark 15,5701,8
τῷ,to the,Art-DMS,G3588,Mark 15,5702,8
ὄχλῳ,crowd,N-DMS,G3793,Mark 15,5703,8
τὸ,that which was,Art-ANS,G3588,Mark 15,5704,8
ἱκανὸν,satisfactory,Adj-ANS,G2425,Mark 15,5705,8
ποιῆσαι,to do,V-ANA,G4160,Mark 15,5706,8
ἀπέλυσεν,released,V-AIA-3S,G630,Mark 15,5707,8
παρέδωκεν,he delivered,V-AIA-3S,G3860,Mark 15,5708,8
φραγελλώσας,having flogged him,V-APA-NMS,G5417,Mark 15,5709,8
σταυρωθῇ,He might be crucified,V-ASP-3S,G4717,Mark 15,5710,8
στρατιῶται,the soldiers,N-NMP,G4757,Mark 15,5711,8
ἀπήγαγον,led away,V-AIA-3P,G520,Mark 15,5712,8
ἔσω,into,Prep,G2080,Mark 15,5713,8
τῆς,the,Art-GFS,G3588,Mark 15,5714,8
αὐλῆς,palace,N-GFS,G833,Mark 15,5715,8
ὅ,that,RelPro-NNS,G3739,Mark 15,5716,8
ἐστιν,is,V-PIA-3S,G1510,Mark 15,5717,8
Πραιτώριον,the Praetorium,N-NNS,G4232,Mark 15,5718,8
συνκαλοῦσιν,they call together,V-PIA-3P,G4779,Mark 15,5719,8
ὅλην,all,Adj-AFS,G3650,Mark 15,5720,8
τὴν,the,Art-AFS,G3588,Mark 15,5721,8
σπεῖραν,cohort,N-AFS,G4686,Mark 15,5722,8
ἐνδιδύσκουσιν,they put on,V-PIA-3P,G1737,Mark 15,5723,8
πορφύραν,purple,N-AFS,G4209,Mark 15,5724,8
περιτιθέασιν,placed on,V-PIA-3P,G4060,Mark 15,5725,8
πλέξαντες,having twisted together,V-APA-NMP,G4120,Mark 15,5726,8
ἀκάνθινον,of thorns,Adj-AMS,G174,Mark 15,5727,8
στέφανον,a crown,N-AMS,G4735,Mark 15,5728,8
ἤρξαντο,they began,V-AIM-3P,G756,Mark 15,5729,8
ἀσπάζεσθαι,to salute,V-PNM/P,G782,Mark 15,5730,8
Χαῖρε,Hail,V-PMA-2S,G5463,Mark 15,5731,8
Βασιλεῦ,King,N-VMS,G935,Mark 15,5732,8
ἔτυπτον,they kept striking,V-IIA-3P,G5180,Mark 15,5733,8
κεφαλὴν,head,N-AFS,G2776,Mark 15,5734,8
καλάμῳ,with a reed,N-DMS,G2563,Mark 15,5735,8
ἐνέπτυον,spitting on,V-IIA-3P,G1716,Mark 15,5736,8
τιθέντες,bending,V-PPA-NMP,G5087,Mark 15,5737,8
τὰ,the,Art-ANP,G3588,Mark 15,5738,8
γόνατα,knees,N-ANP,G1119,Mark 15,5739,8
προσεκύνουν,they were kneeling down,V-IIA-3P,G4352,Mark 15,5740,8
ὅτε,when,Adv,G3753,Mark 15,5741,8
ἐνέπαιξαν,they had mocked,V-AIA-3P,G1702,Mark 15,5742,8
ἐξέδυσαν,they took off,V-AIA-3P,G1562,Mark 15,5743,8
ἐνέδυσαν,put on,V-AIA-3P,G1746,Mark 15,5744,8
ἱμάτια,garments,N-ANP,G2440,Mark 15,5745,8
ἴδια,own,Adj-ANP,G2398,Mark 15,5746,8
ἐξάγουσιν,they are leading out,V-PIA-3P,G1806,Mark 15,5747,8
σταυρώσωσιν,they might crucify,V-ASA-3P,G4717,Mark 15,5748,8
ἀγγαρεύουσιν,they compel,V-PIA-3P,G29,Mark 15,5749,8
παράγοντά,passing by,V-PPA-AMS,G3855,Mark 15,5750,8
τινα,one,IPro-AMS,G5100,Mark 15,5751,8
Σίμωνα,Simon,N-AMS,G4613,Mark 15,5752,8
Κυρηναῖον,of Cyrene,N-AMS,G2956,Mark 15,5753,8
ἐρχόμενον,coming,V-PPM/P-AMS,G2064,Mark 15,5754,8
ἀπ,from,Prep,G575,Mark 15,5755,8
ἀγροῦ,the country,N-GMS,G68,Mark 15,5756,8
πατέρα,father,N-AMS,G3962,Mark 15,5757,8
Ἀλεξάνδρου,of Alexander,N-GMS,G223,Mark 15,5758,8
Ῥούφου,Rufus,N-GMS,G4504,Mark 15,5759,8
ἄρῃ,he might carry,V-ASA-3S,G142,Mark 15,5760,8
σταυρὸν,cross,N-AMS,G4716,Mark 15,5761,8
φέρουσιν,they bring,V-PIA-3P,G5342,Mark 15,5762,8
ἐπὶ,to,Prep,G1909,Mark 15,5763,8
Γολγοθᾶν,Golgotha,N-AFS,G1115,Mark 15,5764,8
τόπον,a place,N-AMS,G5117,Mark 15,5765,8
μεθερμηνευόμενον,translated,V-PPM/P-NNS,G3177,Mark 15,5766,8
Κρανίου,of a Skull,N-GNS,G2898,Mark 15,5767,8
τόπος,Place,N-NMS,G5117,Mark 15,5768,8
ἐδίδουν,they were offering,V-IIA-3P,G1325,Mark 15,5769,8
ἐσμυρνισμένον,having been mixed with myrrh,V-RPM/P-AMS,G4669,Mark 15,5770,8
οἶνον,wine,N-AMS,G3631,Mark 15,5771,8
ὃς,He,RelPro-NMS,G3739,Mark 15,5772,8
οὐκ,not,Adv,G3756,Mark 15,5773,8
ἔλαβεν,did take it,V-AIA-3S,G2983,Mark 15,5774,8
σταυροῦσιν,having crucified,V-PIA-3P,G4717,Mark 15,5775,8
διαμερίζονται,they divided,V-PIM-3P,G1266,Mark 15,5776,8
βάλλοντες,casting,V-PPA-NMP,G906,Mark 15,5777,8
κλῆρον,lots,N-AMS,G2819,Mark 15,5778,8
ἐπ,for,Prep,G1909,Mark 15,5779,8
αὐτὰ,them,PPro-AN3P,G846,Mark 15,5780,8
τίς,who,IPro-NMS,G5101,Mark 15,5781,8
τί,what,IPro-ANS,G5101,Mark 15,5782,8
Ἦν,It was,V-IIA-3S,G1510,Mark 15,5783,8
ὥρα,the hour,N-NFS,G5610,Mark 15,5784,8
τρίτη,third,Adj-NFS,G5154,Mark 15,5785,8
ἐσταύρωσαν,they crucified,V-AIA-3P,G4717,Mark 15,5786,8
ἡ,the,Art-NFS,G3588,Mark 15,5787,8
ἐπιγραφὴ,inscription,N-NFS,G1923,Mark 15,5788,8
αἰτίας,accusation,N-GFS,G156,Mark 15,5789,8
ἐπιγεγραμμένη,having been written,V-RPM/P-NFS,G1924,Mark 15,5790,8
Ο,The,Art-NMS,G3588,Mark 15,5791,8
ΒΑΣΙΛΕΥΣ,King,N-NMS,G935,Mark 15,5792,8
ΤΩΝ,of the,Art-GMP,G3588,Mark 15,5793,8
ΙΟΥΔΑΙΩΝ,Jews,Adj-GMP,G2453,Mark 15,5794,8
σὺν,with,Prep,G4862,Mark 15,5795,8
δύο,two,Adj-AMP,G1417,Mark 15,5796,8
λῃστάς,robbers,N-AMP,G3027,Mark 15,5797,8
ἐκ,at,Prep,G1537,Mark 15,5798,8
δεξιῶν,the right hand,Adj-GNP,G1188,Mark 15,5799,8
ἐξ,at the,Prep,G1537,Mark 15,5800,8
εὐωνύμων,left,Adj-GNP,G2176,Mark 15,5801,8
Καὶ,And,Conj,G2532,Mark 15,5802,8
ἐπληρώθη,was fulfilled,V-AIP-3S,G4137,Mark 15,5803,8
γραφὴ,Scripture,N-NFS,G1124,Mark 15,5804,8
λέγουσα,says,V-PPA-NFS,G3004,Mark 15,5805,8
ἀνόμων,lawless,Adj-GMP,G459,Mark 15,5806,8
ἐλογίσθη,he was reckoned,V-AIP-3S,G3049,Mark 15,5807,8
παραπορευόμενοι,passing by,V-PPM/P-NMP,G3899,Mark 15,5808,8
ἐβλασφήμουν,were railing at,V-IIA-3P,G987,Mark 15,5809,8
κινοῦντες,shaking,V-PPA-NMP,G2795,Mark 15,5810,8
τὰς,the,Art-AFP,G3588,Mark 15,5811,8
κεφαλὰς,heads,N-AFP,G2776,Mark 15,5812,8
αὐτῶν,of them,PPro-GM3P,G846,Mark 15,5813,8
λέγοντες,saying,V-PPA-NMP,G3004,Mark 15,5814,8
Οὐὰ,Aha,I,G3758,Mark 15,5815,8
ὁ,The One,Art-VMS,G3588,Mark 15,5816,8
καταλύων,destroying,V-PPA-VMS,G2647,Mark 15,5817,8
ναὸν,temple,N-AMS,G3485,Mark 15,5818,8
οἰκοδομῶν,building it,V-PPA-VMS,G3618,Mark 15,5819,8
τρισὶν,three,Adj-DFP,G5140,Mark 15,5820,8
ἡμέραις,days,N-DFP,G2250,Mark 15,5821,8
σῶσον,save,V-AMA-2S,G4982,Mark 15,5822,8
σεαυτὸν,Yourself,PPro-AM2S,G4572,Mark 15,5823,8
καταβὰς,having descended,V-APA-NMS,G2597,Mark 15,5824,8
ἀπὸ,from,Prep,G575,Mark 15,5825,8
τοῦ,the,Art-GMS,G3588,Mark 15,5826,8
σταυροῦ,cross,N-GMS,G4716,Mark 15,5827,8
Ὁμοίως,Likewise,Adv,G3668,Mark 15,5828,8
ἐμπαίζοντες,mocking,V-PPA-NMP,G1702,Mark 15,5829,8
πρὸς,among,Prep,G4314,Mark 15,5830,8
ἀλλήλους,one another,RecPro-AMP,G240,Mark 15,5831,8
ἔλεγον,were saying,V-IIA-3P,G2036,Mark 15,5832,8
Ἄλλους,Others,Adj-AMP,G243,Mark 15,5833,8
ἔσωσεν,He saved,V-AIA-3S,G4982,Mark 15,5834,8
ἑαυτὸν,Himself,RefPro-AM3S,G1438,Mark 15,5835,8
οὐ,not,Adv,G3756,Mark 15,5836,8
δύναται,He is able,V-PIM/P-3S,G1410,Mark 15,5837,8
σῶσαι,to save,V-ANA,G4982,Mark 15,5838,8
Χριστὸς,Christ,N-NMS,G5547,Mark 15,5839,8
Ἰσραὴλ,of Israel,N-GMS,G2474,Mark 15,5840,8
καταβάτω,let Him descend,V-AMA-3S,G2597,Mark 15,5841,8
νῦν,now,Adv,G3568,Mark 15,5842,8
ἴδωμεν,we might see,V-ASA-1P,G3708,Mark 15,5843,8
πιστεύσωμεν,believe,V-ASA-1P,G4100,Mark 15,5844,8
συνεσταυρωμένοι,being crucified,V-RPM/P-NMP,G4957,Mark 15,5845,8
ὠνείδιζον,were upbraiding,V-IIA-3P,G3679,Mark 15,5846,8
γενομένης,having arrived,V-APM-GFS,G1096,Mark 15,5847,8
ὥρας,the hour,N-GFS,G5610,Mark 15,5848,8
ἕκτης,sixth,Adj-GFS,G1623,Mark 15,5849,8
σκότος,darkness,N-NNS,G4655,Mark 15,5850,8
ἐγένετο,came,V-AIM-3S,G1096,Mark 15,5851,8
ἐφ,over,Prep,G1909,Mark 15,5852,8
γῆν,land,N-AFS,G1093,Mark 15,5853,8
ἕως,until,Prep,G2193,Mark 15,5854,8
ἐνάτης,ninth,Adj-GFS,G1766,Mark 15,5855,8
ἐνάτῃ,ninth,Adj-DFS,G1766,Mark 15,5856,8
ὥρᾳ,hour,N-DFS,G5610,Mark 15,5857,8
ἐβόησεν,cried out,V-AIA-3S,G994,Mark 15,5858,8
φωνῇ,in a voice,N-DFS,G5456,Mark 15,5859,8
μεγάλῃ,loud,Adj-DFS,G3173,Mark 15,5860,8
Ἐλωῒ,Eloi,N-VMS,G1682,Mark 15,5861,8
λεμὰ,lema,Adv,G2982,Mark 15,5862,8
σαβαχθάνι,sabachthani,V-AIA-2S,G4518,Mark 15,5863,8
μεθερμηνευόμενον,translated,V-PPM/P-NNS,G3177,Mark 15,5864,8
Ὁ,-,Art-VMS,G3588,Mark 15,5865,8
Θεός,God,N-NMS,G2316,Mark 15,5866,8
μου,of Me,PPro-G1S,G1473,Mark 15,5867,8
εἰς,to,Prep,G1519,Mark 15,5868,8
ἐγκατέλιπές,have You forsaken,V-AIA-2S,G1459,Mark 15,5869,8
με,Me,PPro-A1S,G1473,Mark 15,5870,8
Καί,And,Conj,G2532,Mark 15,5871,8
τινες,some,IPro-NMP,G5100,Mark 15,5872,8
παρεστηκότων,standing by,V-RPA-GMP,G3936,Mark 15,5873,8
ἀκούσαντες,having heard,V-APA-NMP,G191,Mark 15,5874,8
Ἴδε,Behold,V-AMA-2S,G2400,Mark 15,5875,8
Ἠλίαν,Elijah,N-AMS,G2243,Mark 15,5876,8
φωνεῖ,He calls,V-PIA-3S,G5455,Mark 15,5877,8
Δραμὼν,Having run,V-APA-NMS,G5143,Mark 15,5878,8
δέ,then,Conj,G1161,Mark 15,5879,8
τις,one,IPro-NMS,G5100,Mark 15,5880,8
γεμίσας,having filled,V-APA-NMS,G1072,Mark 15,5881,8
σπόγγον,a sponge,N-AMS,G4699,Mark 15,5882,8
ὄξους,with vinegar,N-GNS,G3690,Mark 15,5883,8
περιθεὶς,having put it on,V-APA-NMS,G4060,Mark 15,5884,8
ἐπότιζεν,gave to drink,V-IIA-3S,G4222,Mark 15,5885,8
Ἄφετε,Let be,V-AMA-2P,G863,Mark 15,5886,8
εἰ,if,Conj,G1487,Mark 15,5887,8
ἔρχεται,comes,V-PIM/P-3S,G2064,Mark 15,5888,8
Ἠλίας,Elijah,N-NMS,G2243,Mark 15,5889,8
καθελεῖν,to take down,V-ANA,G2507,Mark 15,5890,8
ἀφεὶς,having uttered,V-APA-NMS,G863,Mark 15,5891,8
φωνὴν,a cry,N-AFS,G5456,Mark 15,5892,8
μεγάλην,loud,Adj-AFS,G3173,Mark 15,5893,8
ἐξέπνευσεν,breathed His last,V-AIA-3S,G1606,Mark 15,5894,8
καταπέτασμα,veil,N-NNS,G2665,Mark 15,5895,8
ναοῦ,temple,N-GMS,G3485,Mark 15,5896,8
ἐσχίσθη,was torn,V-AIP-3S,G4977,Mark 15,5897,8
δύο,two,Adj-ANP,G1417,Mark 15,5898,8
ἄνωθεν,top,Adv,G509,Mark 15,5899,8
κάτω,bottom,Adv,G2736,Mark 15,5900,8
Ἰδὼν,Having seen,V-APA-NMS,G3708,Mark 15,5901,8
κεντυρίων,centurion,N-NMS,G2760,Mark 15,5902,8
παρεστηκὼς,standing,V-RPA-NMS,G3936,Mark 15,5903,8
ἐναντίας,opposite of,Adj-GFS,G1727,Mark 15,5904,8
οὕτως,thus,Adv,G3779,Mark 15,5905,8
εἶπεν,he said,V-AIA-3S,G2036,Mark 15,5906,8
Ἀληθῶς,Truly,Adv,G230,Mark 15,5907,8
οὗτος,this,DPro-NMS,G3778,Mark 15,5908,8
ἄνθρωπος,man,N-NMS,G444,Mark 15,5909,8
Υἱὸς,the Son,N-NMS,G5207,Mark 15,5910,8
Θεοῦ,of God,N-GMS,G2316,Mark 15,5911,8
Ἦσαν,There were,V-IIA-3P,G1510,Mark 15,5912,8
γυναῖκες,women,N-NFP,G1135,Mark 15,5913,8
μακρόθεν,afar off,Adv,G3113,Mark 15,5914,8
θεωροῦσαι,looking on,V-PPA-NFP,G2334,Mark 15,5915,8
αἷς,whom,RelPro-DFP,G3739,Mark 15,5916,8
Μαρία,Mary,N-NFS,G3137,Mark 15,5917,8
Μαγδαληνὴ,Magdalene,N-NFS,G3094,Mark 15,5918,8
Ἰακώβου,of James,N-GMS,G2385,Mark 15,5919,8
μικροῦ,least,Adj-GMS,G3398,Mark 15,5920,8
Ἰωσῆτος,of Joseph,N-GMS,G2500,Mark 15,5921,8
μήτηρ,mother,N-NFS,G3384,Mark 15,5922,8
Σαλώμη,Salome,N-NFS,G4539,Mark 15,5923,8
αἳ,who,RelPro-NFP,G3739,Mark 15,5924,8
Γαλιλαίᾳ,Galilee,N-DFS,G1056,Mark 15,5925,8
ἠκολούθουν,had been following,V-IIA-3P,G190,Mark 15,5926,8
διηκόνουν,had been ministering,V-IIA-3P,G1247,Mark 15,5927,8
ἄλλαι,other,Adj-NFP,G243,Mark 15,5928,8
πολλαὶ,many,Adj-NFP,G4183,Mark 15,5929,8
αἱ,those,Art-NFP,G3588,Mark 15,5930,8
συναναβᾶσαι,having come up with,V-APA-NFP,G4872,Mark 15,5931,8
Ἱεροσόλυμα,Jerusalem,N-ANP,G2414,Mark 15,5932,8
ἤδη,already,Adv,G2235,Mark 15,5933,8
ὀψίας,evening,Adj-GFS,G3798,Mark 15,5934,8
ἐπεὶ,since,Conj,G1893,Mark 15,5935,8
Παρασκευή,Preparation,N-NFS,G3904,Mark 15,5936,8
προσάββατον,the day before Sabbath,N-NNS,G4315,Mark 15,5937,8
ἐλθὼν,having come,V-APA-NMS,G2064,Mark 15,5938,8
Ἰωσὴφ,Joseph,N-NMS,G2501,Mark 15,5939,8
Ἁριμαθαίας,Arimathea,N-GFS,G707,Mark 15,5940,8
εὐσχήμων,a prominent,Adj-NMS,G2158,Mark 15,5941,8
βουλευτής,Council member,N-NMS,G1010,Mark 15,5942,8
αὐτὸς,himself,PPro-NM3S,G846,Mark 15,5943,8
προσδεχόμενος,waiting for,V-PPM/P-NMS,G4327,Mark 15,5944,8
βασιλείαν,kingdom,N-AFS,G932,Mark 15,5945,8
τολμήσας,having boldness,V-APA-NMS,G5111,Mark 15,5946,8
εἰσῆλθεν,went in,V-AIA-3S,G1525,Mark 15,5947,8
ᾐτήσατο,asked for,V-AIM-3S,G154,Mark 15,5948,8
σῶμα,body,N-ANS,G4983,Mark 15,5949,8
Ἰησοῦ,of Jesus,N-GMS,G2424,Mark 15,5950,8
ἐθαύμασεν,wondered,V-AIA-3S,G2296,Mark 15,5951,8
τέθνηκεν,He were dead,V-RIA-3S,G2348,Mark 15,5952,8
προσκαλεσάμενος,having called to him,V-APM-NMS,G4341,Mark 15,5953,8
κεντυρίωνα,centurion,N-AMS,G2760,Mark 15,5954,8
πάλαι,already,Adv,G3819,Mark 15,5955,8
ἀπέθανεν,He had died,V-AIA-3S,G599,Mark 15,5956,8
γνοὺς,having known it,V-APA-NMS,G1097,Mark 15,5957,8
κεντυρίωνος,centurion,N-GMS,G2760,Mark 15,5958,8
ἐδωρήσατο,He granted,V-AIM-3S,G1433,Mark 15,5959,8
πτῶμα,body,N-ANS,G4430,Mark 15,5960,8
Ἰωσήφ,to Joseph,N-DMS,G2501,Mark 15,5961,8
ἀγοράσας,having bought,V-APA-NMS,G59,Mark 15,5962,8
σινδόνα,a linen cloth,N-AFS,G4616,Mark 15,5963,8
καθελὼν,having taken down,V-APA-NMS,G2507,Mark 15,5964,8
ἐνείλησεν,he wrapped Him in,V-AIA-3S,G1750,Mark 15,5965,8
σινδόνι,linen cloth,N-DFS,G4616,Mark 15,5966,8
ἔθηκεν,laid,V-AIA-3S,G5087,Mark 15,5967,8
μνημείῳ,a tomb,N-DNS,G3419,Mark 15,5968,8
ὃ,which,RelPro-NNS,G3739,Mark 15,5969,8
λελατομημένον,cut,V-RPM/P-NNS,G2998,Mark 15,5970,8
πέτρας,a rock,N-GFS,G4073,Mark 15,5971,8
προσεκύλισεν,he rolled,V-AIA-3S,G4351,Mark 15,5972,8
λίθον,a stone,N-AMS,G3037,Mark 15,5973,8
θύραν,door,N-AFS,G2374,Mark 15,5974,8
τοῦ,of the,Art-GNS,G3588,Mark 15,5975,8
μνημείου,tomb,N-GNS,G3419,Mark 15,5976,8
ἐθεώρουν,were watching,V-IIA-3P,G2334,Mark 15,5977,8
ποῦ,where,Adv,G4225,Mark 15,5978,8
τέθειται,He was laid,V-RIM/P-3S,G5087,Mark 15,5979,8
Καὶ,And,Conj,G2532,Mark 16,5980,8
διαγενομένου,having passed,V-APM-GNS,G1230,Mark 16,5981,8
τοῦ,the,Art-GNS,G3588,Mark 16,5982,8
σαββάτου,Sabbath,N-GNS,G4521,Mark 16,5983,8
ἡ,-,Art-NFS,G3588,Mark 16,5984,8
Μαρία,Mary,N-NFS,G3137,Mark 16,5985,8
ἡ,-,Art-NFS,G3588,Mark 16,5986,8
Μαγδαληνὴ,Magdalene,N-NFS,G3094,Mark 16,5987,8
καὶ,and,Conj,G2532,Mark 16,5988,8
τοῦ,-,Art-GMS,G3588,Mark 16,5989,8
Ἰακώβου,of James,N-GMS,G2385,Mark 16,5990,8
Σαλώμη,Salome,N-NFS,G4539,Mark 16,5991,8
ἠγόρασαν,bought,V-AIA-3P,G59,Mark 16,5992,8
ἀρώματα,spices,N-ANP,G759,Mark 16,5993,8
ἵνα,that,Conj,G2443,Mark 16,5994,8
ἐλθοῦσαι,having come,V-APA-NFP,G2064,Mark 16,5995,8
ἀλείψωσιν,they might anoint,V-ASA-3P,G218,Mark 16,5996,8
αὐτόν,Him,PPro-AM3S,G846,Mark 16,5997,8
λίαν,very,Adv,G3029,Mark 16,5998,8
πρωῒ,early,Adv,G4404,Mark 16,5999,8
τῇ,on the,Art-DFS,G3588,Mark 16,6000,8
μιᾷ,first day,Adj-DFS,G1520,Mark 16,6001,8
τῶν,of the,Art-GNP,G3588,Mark 16,6002,8
σαββάτων,week,N-GNP,G4521,Mark 16,6003,8
ἔρχονται,they come,V-PIM/P-3P,G2064,Mark 16,6004,8
ἐπὶ,to,Prep,G1909,Mark 16,6005,8
τὸ,the,Art-ANS,G3588,Mark 16,6006,8
μνημεῖον,tomb,N-ANS,G3419,Mark 16,6007,8
ἀνατείλαντος,having arisen,V-APA-GMS,G393,Mark 16,6008,8
ἡλίου,sun,N-GMS,G2246,Mark 16,6009,8
ἔλεγον,they were saying,V-IIA-3P,G2036,Mark 16,6010,8
πρὸς,among,Prep,G4314,Mark 16,6011,8
ἑαυτάς,themselves,RefPro-AF3P,G1438,Mark 16,6012,8
Τίς,Who,IPro-NMS,G5101,Mark 16,6013,8
ἀποκυλίσει,will roll away,V-FIA-3S,G617,Mark 16,6014,8
ἡμῖν,for us,PPro-D1P,G1473,Mark 16,6015,8
τὸν,the,Art-AMS,G3588,Mark 16,6016,8
λίθον,stone,N-AMS,G3037,Mark 16,6017,8
ἐκ,from,Prep,G1537,Mark 16,6018,8
τῆς,the,Art-GFS,G3588,Mark 16,6019,8
θύρας,door,N-GFS,G2374,Mark 16,6020,8
μνημείου,tomb,N-GNS,G3419,Mark 16,6021,8
ἀναβλέψασαι,having looked up,V-APA-NFP,G308,Mark 16,6022,8
θεωροῦσιν,they see,V-PIA-3P,G2334,Mark 16,6023,8
ὅτι,that,Conj,G3754,Mark 16,6024,8
ἀποκεκύλισται,has been rolled away,V-RIM/P-3S,G617,Mark 16,6025,8
ὁ,the,Art-NMS,G3588,Mark 16,6026,8
λίθος,stone,N-NMS,G3037,Mark 16,6027,8
ἦν,it was,V-IIA-3S,G1510,Mark 16,6028,8
γὰρ,for,Conj,G1063,Mark 16,6029,8
μέγας,large,Adj-NMS,G3173,Mark 16,6030,8
σφόδρα,extremely,Adv,G4970,Mark 16,6031,8
εἰσελθοῦσαι,having entered,V-APA-NFP,G1525,Mark 16,6032,8
εἰς,into,Prep,G1519,Mark 16,6033,8
μνημεῖον,tomb,N-ANS,G3419,Mark 16,6034,8
εἶδον,they saw,V-AIA-3P,G3708,Mark 16,6035,8
νεανίσκον,a young man,N-AMS,G3495,Mark 16,6036,8
καθήμενον,sitting,V-PPM/P-AMS,G2521,Mark 16,6037,8
ἐν,on,Prep,G1722,Mark 16,6038,8
τοῖς,the,Art-DNP,G3588,Mark 16,6039,8
δεξιοῖς,right,Adj-DNP,G1188,Mark 16,6040,8
περιβεβλημένον,clothed in,V-RPM/P-AMS,G4016,Mark 16,6041,8
στολὴν,a robe,N-AFS,G4749,Mark 16,6042,8
λευκήν,white,Adj-AFS,G3022,Mark 16,6043,8
ἐξεθαμβήθησαν,they were greatly amazed,V-AIP-3P,G1568,Mark 16,6044,8
δὲ,And,Conj,G1161,Mark 16,6045,8
λέγει,he says,V-PIA-3S,G3004,Mark 16,6046,8
αὐταῖς,to them,PPro-DF3P,G846,Mark 16,6047,8
Μὴ,Not,Adv,G3361,Mark 16,6048,8
ἐκθαμβεῖσθε,be amazed,V-PMM/P-2P,G1568,Mark 16,6049,8
Ἰησοῦν,Jesus,N-AMS,G2424,Mark 16,6050,8
ζητεῖτε,you seek,V-PIA-2P,G2212,Mark 16,6051,8
Ναζαρηνὸν,Nazarene,N-AMS,G3479,Mark 16,6052,8
ἐσταυρωμένον,having been crucified,V-RPM/P-AMS,G4717,Mark 16,6053,8
ἠγέρθη,He is risen,V-AIP-3S,G1453,Mark 16,6054,8
οὐκ,Not,Adv,G3756,Mark 16,6055,8
ἔστιν,He is,V-PIA-3S,G1510,Mark 16,6056,8
ὧδε,here,Adv,G5602,Mark 16,6057,8
ἴδε,Behold,V-AMA-2S,G2400,Mark 16,6058,8
τόπος,place,N-NMS,G5117,Mark 16,6059,8
ὅπου,where,Adv,G3699,Mark 16,6060,8
ἔθηκαν,they laid,V-AIA-3P,G5087,Mark 16,6061,8
ἀλλὰ,But,Conj,G235,Mark 16,6062,8
ὑπάγετε,go,V-PMA-2P,G5217,Mark 16,6063,8
εἴπατε,say,V-AMA-2P,G2036,Mark 16,6064,8
τοῖς,the,Art-DMP,G3588,Mark 16,6065,8
μαθηταῖς,disciples,N-DMP,G3101,Mark 16,6066,8
αὐτοῦ,of Him,PPro-GM3S,G846,Mark 16,6067,8
τῷ,-,Art-DMS,G3588,Mark 16,6068,8
Πέτρῳ,to Peter,N-DMS,G4074,Mark 16,6069,8
Προάγει,He goes before,V-PIA-3S,G4254,Mark 16,6070,8
ὑμᾶς,you,PPro-A2P,G4771,Mark 16,6071,8
τὴν,-,Art-AFS,G3588,Mark 16,6072,8
Γαλιλαίαν,Galilee,N-AFS,G1056,Mark 16,6073,8
ἐκεῖ,there,Adv,G1563,Mark 16,6074,8
αὐτὸν,Him,PPro-AM3S,G846,Mark 16,6075,8
ὄψεσθε,will you see,V-FIM-2P,G3708,Mark 16,6076,8
καθὼς,as,Adv,G2531,Mark 16,6077,8
εἶπεν,He said,V-AIA-3S,G2036,Mark 16,6078,8
ὑμῖν,to you,PPro-D2P,G4771,Mark 16,6079,8
ἐξελθοῦσαι,having gone out,V-APA-NFP,G1831,Mark 16,6080,8
ἔφυγον,they fled,V-AIA-3P,G5343,Mark 16,6081,8
ἀπὸ,from,Prep,G575,Mark 16,6082,8
εἶχεν,Had seized,V-IIA-3S,G2192,Mark 16,6083,8
αὐτὰς,them,PPro-AF3P,G846,Mark 16,6084,8
τρόμος,trembling,N-NMS,G5156,Mark 16,6085,8
ἔκστασις,amazement,N-NFS,G1611,Mark 16,6086,8
οὐδενὶ,to none,Adj-DMS,G3762,Mark 16,6087,8
οὐδὲν,nothing,Adj-ANS,G3762,Mark 16,6088,8
εἶπαν,they spoke,V-AIA-3P,G2036,Mark 16,6089,8
ἐφοβοῦντο,they were afraid,V-IIM/P-3P,G5399,Mark 16,6090,8
γάρ,for,Conj,G1063,Mark 16,6091,8
Ἀναστὰς,Having risen,V-APA-NMS,G450,Mark 16,6092,8
πρώτῃ,first day,Adj-DFS,G4413,Mark 16,6093,8
ἐφάνη,He appeared,V-AIP-3S,G5316,Mark 16,6094,8
πρῶτον,first,Adv-S,G4412,Mark 16,6095,8
Μαρίᾳ,to Mary,N-DFS,G3137,Mark 16,6096,8
Μαγδαληνῇ,Magdalene,N-DFS,G3094,Mark 16,6097,8
παρ,from,Prep,G3844,Mark 16,6098,8
ἧς,whom,RelPro-GFS,G3739,Mark 16,6099,8
ἐκβεβλήκει,He had cast out,V-LIA-3S,G1544,Mark 16,6100,8
ἑπτὰ,seven,Adj-ANP,G2033,Mark 16,6101,8
δαιμόνια,demons,N-ANP,G1140,Mark 16,6102,8
ἐκείνη,She,DPro-NFS,G1565,Mark 16,6103,8
πορευθεῖσα,having gone,V-APP-NFS,G4198,Mark 16,6104,8
ἀπήγγειλεν,told it,V-AIA-3S,G518,Mark 16,6105,8
μετ,with,Prep,G3326,Mark 16,6106,8
γενομένοις,having been,V-APM-DMP,G1096,Mark 16,6107,8
πενθοῦσι,mourning,V-PPA-DMP,G3996,Mark 16,6108,8
κλαίουσιν,weeping,V-PPA-DMP,G2799,Mark 16,6109,8
κἀκεῖνοι,And they,DPro-NMP,G2548,Mark 16,6110,8
ἀκούσαντες,having heard,V-APA-NMP,G191,Mark 16,6111,8
ζῇ,He is alive,V-PIA-3S,G2198,Mark 16,6112,8
ἐθεάθη,has been seen,V-AIP-3S,G2300,Mark 16,6113,8
ὑπ,by,Prep,G5259,Mark 16,6114,8
αὐτῆς,her,PPro-GF3S,G846,Mark 16,6115,8
ἠπίστησαν,disbelieved,V-AIA-3P,G569,Mark 16,6116,8
Μετὰ,After,Prep,G3326,Mark 16,6117,8
ταῦτα,these things,DPro-ANP,G3778,Mark 16,6118,8
δυσὶν,to two,Adj-DMP,G1417,Mark 16,6119,8
ἐξ,of,Prep,G1537,Mark 16,6120,8
αὐτῶν,them,PPro-GM3P,G846,Mark 16,6121,8
περιπατοῦσιν,as they are walking,V-PPA-DMP,G4043,Mark 16,6122,8
ἐφανερώθη,He appeared,V-AIP-3S,G5319,Mark 16,6123,8
ἑτέρᾳ,another,Adj-DFS,G2087,Mark 16,6124,8
μορφῇ,form,N-DFS,G3444,Mark 16,6125,8
πορευομένοις,going,V-PPM/P-DMP,G4198,Mark 16,6126,8
ἀγρόν,the country,N-AMS,G68,Mark 16,6127,8
ἀπελθόντες,having gone,V-APA-NMP,G565,Mark 16,6128,8
ἀπήγγειλαν,told it,V-AIA-3P,G518,Mark 16,6129,8
λοιποῖς,rest,Adj-DMP,G3062,Mark 16,6130,8
οὐδὲ,neither,Conj,G3761,Mark 16,6131,8
ἐκείνοις,them,DPro-DMP,G1565,Mark 16,6132,8
ἐπίστευσαν,did they believe,V-AIA-3P,G4100,Mark 16,6133,8
Ὕστερον,Afterward,Adv,G5305,Mark 16,6134,8
ἀνακειμένοις,were reclining,V-PPM/P-DMP,G345,Mark 16,6135,8
αὐτοῖς,they,PPro-DM3P,G846,Mark 16,6136,8
ἕνδεκα,eleven,Adj-DMP,G1733,Mark 16,6137,8
ὠνείδισεν,rebuked,V-AIA-3S,G3679,Mark 16,6138,8
ἀπιστίαν,unbelief,N-AFS,G570,Mark 16,6139,8
σκληροκαρδίαν,hardness of heart,N-AFS,G4641,Mark 16,6140,8
θεασαμένοις,having seen,V-APM-DMP,G2300,Mark 16,6141,8
ἐγηγερμένον,arisen,V-RPM/P-AMS,G1453,Mark 16,6142,8
ἐκ,from,Prep,G1537,Mark 16,6143,8
νεκρῶν,the dead,Adj-GMP,G3498,Mark 16,6144,8
Πορευθέντες,Having gone,V-APP-NMP,G4198,Mark 16,6145,8
κόσμον,world,N-AMS,G2889,Mark 16,6146,8
ἅπαντα,all,Adj-AMS,G537,Mark 16,6147,8
κηρύξατε,proclaim,V-AMA-2P,G2784,Mark 16,6148,8
εὐαγγέλιον,gospel,N-ANS,G2098,Mark 16,6149,8
πάσῃ,to all,Adj-DFS,G3956,Mark 16,6150,8
κτίσει,creation,N-DFS,G2937,Mark 16,6151,8
πιστεύσας,having believed,V-APA-NMS,G4100,Mark 16,6152,8
βαπτισθεὶς,having been baptized,V-APP-NMS,G907,Mark 16,6153,8
σωθήσεται,will be saved,V-FIP-3S,G4982,Mark 16,6154,8
ἀπιστήσας,having disbelieved,V-APA-NMS,G569,Mark 16,6155,8
κατακριθήσεται,will be condemned,V-FIP-3S,G2632,Mark 16,6156,8
σημεῖα,Signs,N-NNP,G4592,Mark 16,6157,8
πιστεύσασιν,having believed,V-APA-DMP,G4100,Mark 16,6158,8
ταῦτα,these,DPro-NNP,G3778,Mark 16,6159,8
παρακολουθήσει,will accompany,V-FIA-3S,G5023,Mark 16,6160,8
τῷ,the,Art-DNS,G3588,Mark 16,6161,8
ὀνόματί,name,N-DNS,G3686,Mark 16,6162,8
μου,of Me,PPro-G1S,G1473,Mark 16,6163,8
ἐκβαλοῦσιν,they will cast out,V-FIA-3P,G1544,Mark 16,6164,8
γλώσσαις,with tongues,N-DFP,G1100,Mark 16,6165,8
λαλήσουσιν,they will speak,V-FIA-3P,G2980,Mark 16,6166,8
καιναῖς,new,Adj-DFP,G2537,Mark 16,6167,8
και,and,Conj,G2532,Mark 16,6168,8
ταῖς,their,Art-DFP,G3588,Mark 16,6169,8
χερσὶν,hands,N-DFP,G5495,Mark 16,6170,8
ὄφεις,serpents,N-AMP,G3789,Mark 16,6171,8
ἀροῦσιν,they will take up,V-FIA-3P,G142,Mark 16,6172,8
κἂν,and if,Conj,G2579,Mark 16,6173,8
θανάσιμόν,deadly,Adj-ANS,G2286,Mark 16,6174,8
τι,anything,IPro-ANS,G5100,Mark 16,6175,8
πίωσιν,they drink,V-ASA-3P,G4095,Mark 16,6176,8
οὐ,no,Adv,G3756,Mark 16,6177,8
μὴ,not,Adv,G3361,Mark 16,6178,8
αὐτοὺς,them,PPro-AM3P,G846,Mark 16,6179,8
βλάψῃ,shall it hurt,V-ASA-3S,G984,Mark 16,6180,8
ἀρρώστους,the sick,Adj-AMP,G732,Mark 16,6181,8
χεῖρας,hands,N-AFP,G5495,Mark 16,6182,8
ἐπιθήσουσιν,they will lay,V-FIA-3P,G2007,Mark 16,6183,8
καλῶς,well,Adv,G2573,Mark 16,6184,8
ἕξουσιν,they will be,V-FIA-3P,G2192,Mark 16,6185,8
Ὁ,-,Art-NMS,G3588,Mark 16,6186,8
μὲν,Indeed,Conj,G3303,Mark 16,6187,8
οὖν,therefore,Conj,G3767,Mark 16,6188,8
Κύριος,the Lord,N-NMS,G2962,Mark 16,6189,8
Ἰησοῦς,Jesus,N-NMS,G2424,Mark 16,6190,8
μετὰ,after,Prep,G3326,Mark 16,6191,8
λαλῆσαι,speaking,V-ANA,G2980,Mark 16,6192,8
ἀνελήμφθη,was taken up,V-AIP-3S,G353,Mark 16,6193,8
οὐρανὸν,heaven,N-AMS,G3772,Mark 16,6194,8
ἐκάθισεν,sat,V-AIA-3S,G2523,Mark 16,6195,8
δεξιῶν,right hand,Adj-GNP,G1188,Mark 16,6196,8
Θεοῦ,of God,N-GMS,G2316,Mark 16,6197,8
ἐκεῖνοι,They,DPro-NMP,G1565,Mark 16,6198,8
ἐξελθόντες,having gone forth,V-APA-NMP,G1831,Mark 16,6199,8
ἐκήρυξαν,preached,V-AIA-3P,G2784,Mark 16,6200,8
πανταχοῦ,everywhere,Adv,G3837,Mark 16,6201,8
Κυρίου,Lord,N-GMS,G2962,Mark 16,6202,8
συνεργοῦντος,working with them,V-PPA-GMS,G4903,Mark 16,6203,8
λόγον,word,N-AMS,G3056,Mark 16,6204,8
βεβαιοῦντος,confirming,V-PPA-GMS,G950,Mark 16,6205,8
διὰ,by,Prep,G1223,Mark 16,6206,8
ἐπακολουθούντων,accompanying,V-PPA-GNP,G1872,Mark 16,6207,8
σημείων,signs,N-GNP,G4592,Mark 16,6208,8
πάντα,all,Adj-ANP,G3956,Mark 16,6209,8
τὰ,-,Art-ANP,G3588,Mark 16,6210,8
παρηγγελμένα,instructing,V-RPM/P-ANP,G3853,Mark 16,6211,8
περὶ,to,Prep,G4012,Mark 16,6212,8
Πέτρον,Peter,N-AMS,G4074,Mark 16,6213,8
συντόμως,promptly,Adv,G4935,Mark 16,6214,8
ἐξήγγειλαν,they reported,V-AIA-3P,G1804,Mark 16,6215,8
αὐτὸς,himself,PPro-NM3S,G846,Mark 16,6216,8
ἀνατολῆς,from east,N-GFS,G395,Mark 16,6217,8
ἄχρι,to,Prep,G891,Mark 16,6218,8
δύσεως,west,N-GFS,G1424,Mark 16,6219,8
ἐξαπέστειλεν,sent out,V-AIA-3S,G1821,Mark 16,6220,8
δι,through,Prep,G1223,Mark 16,6221,8
ἱερὸν,sacred,N-ANS,G2413,Mark 16,6222,8
ἄφθαρτον,imperishable,Adj-ANS,G862,Mark 16,6223,8
κήρυγμα,preaching,N-ANS,G2782,Mark 16,6224,8
αἰωνίου,eternal,Adj-GFS,G166,Mark 16,6225,8
σωτηρίας,salvation,N-GFS,G4991,Mark 16,6226,8
ἀμήν,Amen,Heb,G281,Mark 16,6227,8
